1 0.13046875 0.434375 0.1640625 0.328125
1 0.32265625 0.43984375 0.1140625 0.215625
1 0.453125 0.49140625 0.1171875 0.253125
1 0.56015625 0.503125 0.09375 0.2171875
1 0.64765625 0.51796875 0.0859375 0.2
1 0.72421875 0.52421875 0.075 0.178125
1 0.7921875 0.53828125 0.0609375 0.1546875
1 0.83984375 0.546875 0.0515625 0.146875
0 0.30546875 0.60546875 0.25 0.5640625
0 0.45546875 0.66171875 0.1875 0.521875
0 0.49765625 0.60234375 0.146875 0.428125
0 0.58984375 0.64921875 0.1734375 0.446875
0 0.721875 0.6125 0.1515625 0.36875
0 0.78359375 0.61015625 0.125 0.3828125