0 0.16171875 0.4953125 0.09140625 0.30859375
0 0.2828125 0.48203125 0.059375 0.2546875
0 0.39453125 0.5125 0.07109375 0.365625
0 0.4796875 0.52578125 0.065625 0.33125
0 0.5734375 0.46875 0.0640625 0.29140625
0 0.68515625 0.4953125 0.06171875 0.3109375
0 0.7609375 0.5125 0.0625 0.29765625
0 0.8125 0.48515625 0.05625 0.2796875
0 0.9125 0.49375 0.090625 0.3234375
1 0.20625 0.409375 0.0546875 0.16015625
1 0.3 0.41328125 0.05390625 0.16328125
1 0.39375 0.40546875 0.05234375 0.1390625
1 0.48828125 0.409375 0.0515625 0.1375
1 0.58515625 0.41953125 0.05625 0.1546875
1 0.6859375 0.415625 0.0484375 0.146875
1 0.7875 0.41953125 0.0515625 0.1375
1 0.8828125 0.428125 0.05546875 0.15390625