1 0.1484375 0.56171875 0.1328125 0.3546875
1 0.3203125 0.5296875 0.084375 0.29375
1 0.44375 0.51171875 0.0765625 0.2484375
1 0.53515625 0.5078125 0.0609375 0.2078125
1 0.603125 0.4921875 0.059375 0.1859375
1 0.65625 0.47734375 0.05 0.1484375
1 0.70234375 0.47890625 0.0453125 0.15
1 0.740625 0.46953125 0.0390625 0.1359375
0 0.1921875 0.69765625 0.175 0.6046875
0 0.4 0.659375 0.1453125 0.5390625
0 0.5953125 0.59296875 0.1 0.3765625
0 0.6578125 0.56015625 0.0703125 0.3609375
0 0.76484375 0.5375 0.0890625 0.284375
0 0.83125 0.5203125 0.078125 0.3