1 0.15546875 0.38046875 0.10625 0.1875
1 0.253125 0.41328125 0.1078125 0.1890625
1 0.35625 0.4453125 0.1015625 0.1875
1 0.459375 0.4765625 0.1 0.1890625
1 0.565625 0.50546875 0.1046875 0.1984375
1 0.68125 0.5390625 0.1109375 0.1953125
1 0.8015625 0.57734375 0.1125 0.196875
1 0.92890625 0.61484375 0.1203125 0.215625
0 0.1046875 0.46328125 0.1375 0.309375
0 0.203125 0.49921875 0.16875 0.3140625
0 0.30859375 0.50546875 0.175 0.36875
0 0.66640625 0.609375 0.1984375 0.425
0 0.7734375 0.653125 0.1734375 0.3875