0 0.04375 0.45859375 0.0875 0.2765625
0 0.1015625 0.4875 0.1546875 0.3
0 0.17578125 0.475 0.1296875 0.290625
0 0.20703125 0.51796875 0.1390625 0.325
0 0.246875 0.553125 0.178125 0.3734375
0 0.3078125 0.55 0.13125 0.315625
0 0.35546875 0.54453125 0.125 0.2859375
0 0.403125 0.5953125 0.1296875 0.3078125
0 0.43359375 0.58359375 0.121875 0.2859375
0 0.50078125 0.6171875 0.1625 0.35625
0 0.5421875 0.60625 0.134375 0.3109375
0 0.65078125 0.6859375 0.1921875 0.3796875
0 0.62109375 0.65625 0.14375 0.3265625
0 0.71171875 0.6765625 0.1625 0.3734375
0 0.76171875 0.6921875 0.1828125 0.403125
0 0.8125 0.7421875 0.2453125 0.5125
1 0.77890625 0.6015625 0.090625 0.165625
1 0.66875 0.56328125 0.0984375 0.1828125
1 0.5671875 0.53671875 0.09375 0.1765625
1 0.471875 0.50625 0.0984375 0.1765625
1 0.3828125 0.4890625 0.090625 0.165625
1 0.30234375 0.45078125 0.0875 0.14375
1 0.22890625 0.434375 0.0796875 0.1453125
1 0.1515625 0.41640625 0.0796875 0.146875