0 0.175 0.5515625 0.115625 0.340625
0 0.2921875 0.51953125 0.090625 0.28125
0 0.3796875 0.5296875 0.1125 0.3625
0 0.42890625 0.50859375 0.0671875 0.2890625
0 0.4671875 0.546875 0.103125 0.3609375
0 0.51171875 0.49921875 0.0875 0.3046875
0 0.58359375 0.48203125 0.1 0.315625
0 0.69453125 0.48203125 0.10625 0.3109375
0 0.7734375 0.49453125 0.090625 0.284375
0 0.8234375 0.4671875 0.0984375 0.31875
0 0.92578125 0.45546875 0.115625 0.3359375
1 0.88359375 0.4015625 0.071875 0.165625
1 0.78515625 0.4078125 0.071875 0.1578125
1 0.684375 0.4140625 0.0671875 0.1578125
1 0.5828125 0.41953125 0.0671875 0.159375
1 0.4890625 0.42734375 0.071875 0.15625
1 0.39453125 0.4375 0.06875 0.1625
1 0.29765625 0.446875 0.06875 0.1640625
1 0.20546875 0.453125 0.075 0.1671875