0 0.0375 0.615625 0.075 0.275
0 0.11875 0.61796875 0.103125 0.29375
0 0.18515625 0.58125 0.078125 0.2890625
0 0.22890625 0.6125 0.08125 0.3234375
0 0.278125 0.63203125 0.1125 0.36875
0 0.334375 0.609375 0.0734375 0.315625
0 0.378125 0.5890625 0.0734375 0.284375
0 0.43984375 0.621875 0.0734375 0.30625
0 0.46484375 0.6 0.0703125 0.284375
0 0.5390625 0.6109375 0.0984375 0.353125
0 0.57421875 0.58671875 0.0796875 0.309375
0 0.703125 0.6265625 0.1265625 0.371875
0 0.66484375 0.60859375 0.0859375 0.325
0 0.7578125 0.59765625 0.0953125 0.3734375
0 0.81015625 0.596875 0.1109375 0.4
0 0.875 0.62734375 0.15625 0.50625
1 0.79609375 0.50546875 0.0609375 0.1609375
1 0.6796875 0.5046875 0.0671875 0.178125
1 0.575 0.5125 0.0625 0.171875
1 0.475 0.51484375 0.06875 0.1703125
1 0.38515625 0.52734375 0.0625 0.1609375
1 0.296875 0.51796875 0.0640625 0.1375
1 0.221875 0.5265625 0.05625 0.140625
1 0.14296875 0.534375 0.0546875 0.1421875