1 0.1453125 0.4625 0.178125 0.3625
1 0.31875 0.47890625 0.1234375 0.2984375
1 0.44296875 0.49609375 0.109375 0.2515625
1 0.53125 0.5171875 0.0890625 0.209375
1 0.60078125 0.5203125 0.0828125 0.1890625
1 0.65703125 0.52109375 0.06875 0.15
1 0.7 0.53515625 0.0640625 0.1515625
1 0.73984375 0.5375 0.0578125 0.1375
0 0.146875 0.6171875 0.2578125 0.6359375
0 0.36015625 0.62578125 0.215625 0.54375
0 0.565625 0.615625 0.15 0.3796875
0 0.63515625 0.6015625 0.1203125 0.3609375
0 0.74453125 0.609375 0.1265625 0.2875
0 0.8125 0.6109375 0.11875 0.303125