0 0.10234375 0.56875 0.06171875 0.33046875
0 0.13828125 0.5890625 0.11796875 0.353125
0 0.25390625 0.5703125 0.075 0.3015625
0 0.55390625 0.5984375 0.0703125 0.3546875
0 0.44609375 0.5765625 0.06796875 0.371875
0 0.40546875 0.571875 0.0515625 0.296875
0 0.47265625 0.56796875 0.05390625 0.31875
0 0.575 0.54453125 0.071875 0.31875
0 0.67734375 0.55546875 0.0671875 0.3109375
0 0.75 0.56953125 0.065625 0.30078125
0 0.790625 0.55234375 0.05546875 0.28359375
0 0.87734375 0.53984375 0.06875 0.296875
1 0.1515625 0.48828125 0.0578125 0.18046875
1 0.2640625 0.4890625 0.05546875 0.171875
1 0.37265625 0.4890625 0.04609375 0.1671875
1 0.5640625 0.484375 0.05546875 0.1578125
1 0.6640625 0.48671875 0.0453125 0.1609375
1 0.75546875 0.4828125 0.0484375 0.15234375
1 0.84453125 0.48515625 0.0453125 0.1515625