0 0.0484375 0.50546875 0.096875 0.3515625
0 0.0578125 0.4859375 0.115625 0.34375
0 0.140625 0.50390625 0.128125 0.3234375
0 0.24140625 0.51796875 0.128125 0.334375
0 0.35078125 0.53984375 0.1203125 0.3125
0 0.63828125 0.58984375 0.1171875 0.2890625
1 0.14453125 0.4234375 0.0828125 0.178125
1 0.2546875 0.43984375 0.084375 0.171875
1 0.3546875 0.45703125 0.08125 0.1625
1 0.45078125 0.48203125 0.0734375 0.16875
1 0.54921875 0.49609375 0.071875 0.1640625
1 0.640625 0.51328125 0.0734375 0.165625
1 0.7296875 0.528125 0.06875 0.1625
1 0.81875 0.54609375 0.0671875 0.1546875
0 0.83828125 0.6234375 0.1046875 0.3125
0 0.9046875 0.63203125 0.1359375 0.3640625