0 0.203125 0.565625 0.1171875 0.4234375
0 0.44375 0.6234375 0.05625 0.3734375
0 0.5109375 0.64296875 0.1125 0.421875
0 0.56484375 0.57578125 0.0765625 0.340625
0 0.48125 0.6140625 0.0546875 0.371875
0 0.70234375 0.56796875 0.0703125 0.3734375
0 0.8015625 0.565625 0.071875 0.3453125
1 0.2203125 0.4890625 0.075 0.175
1 0.35 0.4984375 0.0578125 0.1875
1 0.4640625 0.49765625 0.059375 0.178125
1 0.5703125 0.4984375 0.0515625 0.175
1 0.675 0.50625 0.059375 0.1765625
1 0.7625 0.509375 0.0515625 0.1703125
1 0.85078125 0.51328125 0.046875 0.1640625
1 0.93046875 0.5203125 0.0453125 0.1546875