0 0.12734375 0.5421875 0.0640625 0.275
0 0.18046875 0.56171875 0.09609375 0.34765625
0 0.3328125 0.56484375 0.075 0.3546875
0 0.5125 0.57734375 0.09921875 0.45859375
0 0.62109375 0.57734375 0.09609375 0.4109375
1 0.18515625 0.47890625 0.04453125 0.1578125
1 0.2546875 0.478125 0.04765625 0.1609375
1 0.3328125 0.4765625 0.04921875 0.16171875
1 0.41953125 0.48125 0.05625 0.18046875
1 0.51796875 0.48203125 0.06171875 0.19140625
1 0.63671875 0.4828125 0.071875 0.20859375
1 0.77578125 0.4890625 0.07265625 0.23359375
1 0.93359375 0.49453125 0.0921875 0.2546875