0 0.246875 0.57734375 0.1640625 0.6
0 0.44296875 0.5484375 0.0953125 0.5171875
0 0.58984375 0.5234375 0.09375 0.4484375
0 0.771875 0.48828125 0.0828125 0.4125
0 0.84375 0.4859375 0.0703125 0.325
0 0.90703125 0.465625 0.0765625 0.33125
0 0.03359375 0.609375 0.0671875 0.66875
1 0.22265625 0.42734375 0.1265625 0.4125
1 0.021875 0.3953125 0.04375 0.3875
1 0.4015625 0.40078125 0.0890625 0.28125
1 0.52890625 0.40234375 0.06875 0.2515625
1 0.63828125 0.39609375 0.0546875 0.2328125
1 0.71640625 0.3984375 0.0578125 0.196875
1 0.78515625 0.4015625 0.0578125 0.18125