1 0.1453125 0.3765625 0.059375 0.20078125
1 0.26953125 0.38046875 0.0484375 0.190625
1 0.384375 0.39296875 0.05703125 0.1828125
1 0.60390625 0.4046875 0.0484375 0.171875
1 0.71328125 0.4078125 0.05625 0.171875
1 0.81640625 0.4140625 0.04609375 0.1671875
1 0.91640625 0.42421875 0.04609375 0.16875
0 0.11015625 0.4609375 0.1015625 0.35859375
0 0.228125 0.478125 0.078125 0.346875
0 0.4953125 0.47109375 0.0796875 0.32734375
0 0.71171875 0.49375 0.07421875 0.30234375
1 0.49453125 0.39140625 0.05625 0.1765625