1 0.465625 0.4796875 0.071875 0.20625
1 0.5703125 0.47109375 0.0546875 0.2
1 0.659375 0.46875 0.0484375 0.1796875
1 0.73515625 0.4640625 0.0453125 0.1703125
1 0.803125 0.46171875 0.0484375 0.15625
1 0.86484375 0.45703125 0.0375 0.1359375
1 0.3453125 0.4828125 0.078125 0.2265625
1 0.19296875 0.4609375 0.0890625 0.18125
0 0.17578125 0.61640625 0.1234375 0.4671875
0 0.2421875 0.6578125 0.134375 0.5328125
0 0.36796875 0.5890625 0.1109375 0.4
0 0.4984375 0.57890625 0.0765625 0.371875
0 0.61953125 0.56875 0.1078125 0.371875
0 0.71171875 0.55859375 0.1 0.375
0 0.8078125 0.52734375 0.090625 0.3328125
0 0.846875 0.521875 0.0640625 0.328125