0 0.05234375 0.51953125 0.10390625 0.40078125
0 0.45859375 0.53125 0.075 0.32578125
0 0.58359375 0.51875 0.059375 0.32578125
0 0.69609375 0.53359375 0.06015625 0.29921875
0 0.81484375 0.52109375 0.059375 0.31875
0 0.96015625 0.50859375 0.0796875 0.3578125
1 0.22578125 0.42890625 0.065625 0.19296875
1 0.34921875 0.434375 0.06328125 0.19453125
1 0.46484375 0.42578125 0.0640625 0.17734375
1 0.57890625 0.43828125 0.0671875 0.1765625
1 0.68984375 0.4390625 0.0578125 0.17421875
1 0.79765625 0.4390625 0.0546875 0.17890625
1 0.890625 0.44375 0.0515625 0.17890625
1 0.09453125 0.42734375 0.07421875 0.19921875