0 0.0515625 0.60703125 0.103125 0.3640625
0 0.2921875 0.559375 0.0828125 0.271875
0 0.41171875 0.55859375 0.0796875 0.2859375
0 0.59609375 0.53671875 0.084375 0.3078125
0 0.7671875 0.5546875 0.084375 0.284375
0 0.81328125 0.53359375 0.08125 0.3
0 0.90078125 0.56640625 0.13125 0.396875
0 0.93984375 0.53359375 0.096875 0.3359375
1 0.2078125 0.49140625 0.0625 0.15625
1 0.30234375 0.48828125 0.0609375 0.1609375
1 0.39453125 0.4859375 0.0609375 0.159375
1 0.48984375 0.48203125 0.0578125 0.159375
1 0.58203125 0.46796875 0.059375 0.1421875
1 0.68046875 0.478125 0.05625 0.1546875
1 0.77890625 0.465625 0.05625 0.1515625
1 0.88046875 0.453125 0.0640625 0.140625