0 0.19140625 0.65234375 0.1375 0.625
0 0.396875 0.6234375 0.10390625 0.503125
0 0.615625 0.57578125 0.07265625 0.39453125
0 0.68984375 0.54609375 0.06484375 0.353125
0 0.83125 0.53828125 0.08515625 0.29375
0 0.91796875 0.52421875 0.08515625 0.32734375
1 0.1703125 0.4984375 0.10859375 0.32421875
1 0.340625 0.48359375 0.0796875 0.28828125
1 0.475 0.48203125 0.06484375 0.2265625
1 0.57109375 0.47421875 0.0515625 0.21640625
1 0.64453125 0.46796875 0.0421875 0.18515625
1 0.709375 0.465625 0.03515625 0.1546875
1 0.7609375 0.46875 0.03046875 0.1484375
1 0.8125 0.465625 0.03671875 0.12890625