0 0.90625 0.60078125 0.07578125 0.36015625
0 0.778125 0.61640625 0.06015625 0.346875
0 0.66015625 0.6046875 0.07265625 0.428125
0 0.53125 0.5984375 0.0828125 0.43828125
0 0.403125 0.621875 0.0828125 0.4140625
0 0.2640625 0.6390625 0.0859375 0.415625
0 0.17734375 0.646875 0.071875 0.45390625
0 0.0484375 0.65546875 0.09140625 0.43203125
1 0.115625 0.528125 0.0703125 0.24140625
1 0.26171875 0.51796875 0.07421875 0.21875
1 0.396875 0.50703125 0.06796875 0.1875
1 0.521875 0.50859375 0.05859375 0.16796875
1 0.6453125 0.51484375 0.0625 0.18515625
1 0.7609375 0.51171875 0.059375 0.190625
1 0.87421875 0.5078125 0.05859375 0.1984375
1 0.9765625 0.51015625 0.046875 0.18984375