1 0.13125 0.49140625 0.0609375 0.17109375
1 0.22734375 0.49453125 0.059375 0.1765625
1 0.3265625 0.49765625 0.06328125 0.18671875
1 0.4328125 0.49921875 0.0609375 0.18515625
1 0.54609375 0.49921875 0.0609375 0.19921875
1 0.665625 0.4984375 0.06796875 0.2015625
1 0.8 0.50078125 0.06484375 0.20625
1 0.93671875 0.50390625 0.07265625 0.2125
0 0.08515625 0.57734375 0.0921875 0.3203125
0 0.1765625 0.590625 0.0734375 0.3421875
0 0.29609375 0.58671875 0.07109375 0.33046875
0 0.4296875 0.5984375 0.065625 0.396875
0 0.50390625 0.60859375 0.0921875 0.421875
0 0.55546875 0.596875 0.0640625 0.34921875