1 0.1015625 0.50546875 0.053125 0.1640625
1 0.1828125 0.50390625 0.059375 0.17734375
1 0.27109375 0.50546875 0.0625 0.18515625
1 0.36640625 0.509375 0.06484375 0.1984375
1 0.4796875 0.50625 0.0671875 0.20234375
1 0.60390625 0.51953125 0.07890625 0.21796875
1 0.75390625 0.51484375 0.0734375 0.24140625
1 0.928125 0.51640625 0.08828125 0.26640625
0 0.05234375 0.59140625 0.05390625 0.2875
0 0.21484375 0.58515625 0.08125 0.36640625
0 0.48984375 0.609375 0.078125 0.434375
0 0.58125 0.603125 0.10859375 0.52265625