1 0.06796875 0.4734375 0.11484375 0.28671875
1 0.25234375 0.46640625 0.0875 0.240625
1 0.4109375 0.46171875 0.0734375 0.2421875
1 0.52421875 0.45703125 0.06484375 0.215625
1 0.634375 0.4484375 0.07109375 0.1984375
1 0.7296875 0.4453125 0.05625 0.1859375
1 0.80390625 0.4484375 0.03828125 0.171875
1 0.86796875 0.43828125 0.046875 0.1609375
0 0.42578125 0.5640625 0.115625 0.4453125
0 0.5609375 0.56640625 0.075 0.36953125
0 0.66640625 0.5390625 0.06640625 0.346875
0 0.759375 0.53203125 0.05625 0.33515625
0 0.85234375 0.52265625 0.05859375 0.3109375
0 0.9609375 0.5109375 0.07734375 0.3140625