0 0.0828125 0.5078125 0.0671875 0.38125
0 0.1328125 0.46875 0.0484375 0.3171875
0 0.1484375 0.50625 0.0609375 0.3015625
0 0.20546875 0.51875 0.0828125 0.36875
0 0.3015625 0.54375 0.0765625 0.36875
0 0.3734375 0.6109375 0.0921875 0.4546875
0 0.4921875 0.5875 0.0890625 0.365625
0 0.5765625 0.57578125 0.084375 0.3578125
0 0.7109375 0.63203125 0.1046875 0.4640625
0 0.92890625 0.6234375 0.1078125 0.4265625
0 0.625 0.559375 0.0703125 0.2953125
0 0.7484375 0.58125 0.1078125 0.475
0 0.903125 0.559375 0.09375 0.3875
0 0.88828125 0.528125 0.09375 0.35625
0 0.66484375 0.52109375 0.059375 0.2859375
0 0.5359375 0.51171875 0.05625 0.321875
0 0.465625 0.4859375 0.075 0.26875
0 0.45390625 0.471875 0.0609375 0.2765625
0 0.37421875 0.4953125 0.084375 0.334375
0 0.28203125 0.5203125 0.053125 0.26875
1 0.246875 0.39921875 0.0453125 0.1390625
1 0.3234375 0.40078125 0.04375 0.140625
1 0.39765625 0.4140625 0.05 0.134375
1 0.484375 0.41328125 0.0484375 0.140625
1 0.57421875 0.41875 0.04375 0.13125
1 0.66875 0.4234375 0.0546875 0.1421875
1 0.77890625 0.428125 0.0578125 0.14375
1 0.89296875 0.43984375 0.0609375 0.140625