0 0.12734375 0.67421875 0.15625 0.3703125
0 0.26015625 0.646875 0.159375 0.35625
0 0.3875 0.590625 0.1703125 0.4
0 0.746875 0.50703125 0.16875 0.3703125
0 0.8328125 0.4890625 0.14375 0.353125
1 0.91875 0.38828125 0.090625 0.184375
1 0.8203125 0.4140625 0.0953125 0.1953125
1 0.71953125 0.43515625 0.1 0.1875
1 0.60546875 0.45703125 0.1 0.2015625
1 0.49609375 0.48203125 0.0921875 0.203125
1 0.37734375 0.4984375 0.0984375 0.190625
1 0.253125 0.53671875 0.1078125 0.2
1 0.121875 0.56328125 0.125 0.2265625