0 0.08359375 0.584375 0.1015625 0.47734375
0 0.246875 0.56953125 0.1015625 0.459375
0 0.3984375 0.59453125 0.0875 0.36640625
0 0.5265625 0.60078125 0.075 0.353125
0 0.7625 0.60078125 0.0828125 0.31953125
0 0.90703125 0.5984375 0.059375 0.30234375
1 0.1140625 0.47890625 0.07734375 0.22421875
1 0.2625 0.4796875 0.06640625 0.2203125
1 0.3984375 0.46953125 0.0640625 0.18515625
1 0.51953125 0.4875 0.059375 0.19921875
1 0.634375 0.49375 0.053125 0.19140625
1 0.74453125 0.49609375 0.0515625 0.18828125
1 0.8453125 0.5 0.046875 0.1859375
1 0.934375 0.50078125 0.05390625 0.18203125