0 0.0625 0.5984375 0.1109375 0.3359375
0 0.18203125 0.58359375 0.1140625 0.3328125
0 0.2453125 0.56015625 0.0953125 0.3015625
0 0.3015625 0.5671875 0.1046875 0.31875
0 0.403125 0.5703125 0.109375 0.3265625
0 0.44296875 0.55546875 0.084375 0.29375
0 0.5109375 0.56484375 0.1265625 0.4
0 0.63203125 0.5875 0.109375 0.334375
0 0.66015625 0.5375 0.0984375 0.3453125
0 0.7796875 0.56953125 0.1390625 0.4375
0 0.9 0.525 0.125 0.3734375
0 0.94375 0.54375 0.1125 0.44375
1 0.2015625 0.4953125 0.0640625 0.1484375
1 0.28203125 0.4828125 0.0640625 0.1484375
1 0.3671875 0.4828125 0.0734375 0.1609375
1 0.45078125 0.4765625 0.075 0.1625
1 0.54609375 0.46953125 0.075 0.1734375
1 0.64921875 0.45546875 0.0703125 0.1703125
1 0.7703125 0.44140625 0.090625 0.18125
1 0.89609375 0.4359375 0.09375 0.203125