1 0.1703125 0.51171875 0.065625 0.175
1 0.27890625 0.5171875 0.06015625 0.1875
1 0.38203125 0.52421875 0.059375 0.18046875
1 0.48515625 0.52578125 0.06484375 0.17578125
1 0.5984375 0.52890625 0.059375 0.1875
1 0.7125 0.5359375 0.05546875 0.18984375
1 0.83125 0.54921875 0.0546875 0.17890625
1 0.9515625 0.55703125 0.0546875 0.18046875
0 0.128125 0.56796875 0.07421875 0.35859375
0 0.26875 0.60546875 0.06171875 0.3171875
0 0.3015625 0.62734375 0.06796875 0.3421875
0 0.35703125 0.60390625 0.0640625 0.3171875
0 0.48515625 0.5953125 0.07265625 0.39921875
0 0.45 0.60546875 0.06015625 0.33359375
0 0.59296875 0.596875 0.07421875 0.38828125