0 0.134375 0.52578125 0.2 0.565625
0 0.31640625 0.56015625 0.159375 0.496875
0 0.45546875 0.61875 0.121875 0.4546875
0 0.51171875 0.6515625 0.178125 0.521875
0 0.5828125 0.55234375 0.1125 0.365625
0 0.7234375 0.5640625 0.11875 0.4203125
0 0.83515625 0.57421875 0.1109375 0.403125
1 0.93046875 0.51484375 0.0546875 0.1609375
1 0.85703125 0.5046875 0.0640625 0.175
1 0.77421875 0.496875 0.065625 0.1859375
1 0.68359375 0.484375 0.06875 0.1921875
1 0.578125 0.47265625 0.075 0.1984375
1 0.46484375 0.45546875 0.0828125 0.20625
1 0.32734375 0.44453125 0.0921875 0.23125
1 0.1609375 0.42578125 0.11875 0.2671875