1 0.19296875 0.4515625 0.05078125 0.15703125
1 0.26484375 0.4515625 0.04921875 0.16171875
1 0.340625 0.45546875 0.05546875 0.17734375
1 0.425 0.45390625 0.05546875 0.17421875
1 0.5234375 0.45625 0.06328125 0.1875
1 0.63671875 0.453125 0.0796875 0.20703125
1 0.778125 0.453125 0.078125 0.22890625
1 0.94765625 0.45234375 0.0828125 0.25859375
0 0.12734375 0.53984375 0.08671875 0.35078125
0 0.16015625 0.51953125 0.0640625 0.278125
0 0.59375 0.565625 0.103125 0.51796875
0 0.61953125 0.54921875 0.09296875 0.390625