0 0.17421875 0.6015625 0.0734375 0.3984375
0 0.26640625 0.68203125 0.1109375 0.49375
0 0.32890625 0.61328125 0.075 0.35546875
0 0.4328125 0.6046875 0.07265625 0.38515625
0 0.61875 0.59765625 0.10078125 0.46484375
0 0.8015625 0.62265625 0.12109375 0.53125
1 0.24765625 0.51484375 0.0703125 0.1921875
1 0.3578125 0.51953125 0.0625 0.19921875
1 0.48046875 0.51875 0.0625 0.221875
1 0.6078125 0.515625 0.07421875 0.21171875
1 0.74765625 0.52421875 0.08125 0.228125
1 0.90234375 0.52890625 0.084375 0.23203125
1 0.140625 0.51328125 0.0640625 0.1921875