0 0.1390625 0.5640625 0.14296875 0.553125
0 0.3234375 0.57890625 0.10859375 0.48828125
0 0.46796875 0.62265625 0.07578125 0.44921875
0 0.52734375 0.64921875 0.12578125 0.5109375
0 0.5875 0.54375 0.07578125 0.359375
0 0.72890625 0.540625 0.0765625 0.41484375
0 0.84140625 0.5390625 0.0703125 0.3984375
1 0.9296875 0.46953125 0.0390625 0.15703125
1 0.85546875 0.4671875 0.046875 0.1703125
1 0.77265625 0.46796875 0.04765625 0.18125
1 0.68125 0.465625 0.04921875 0.18828125
1 0.575 0.46484375 0.0546875 0.19375
1 0.46015625 0.459375 0.06171875 0.2015625
1 0.32265625 0.4625 0.06953125 0.225
1 0.1546875 0.46171875 0.09296875 0.25859375