1 0.4625 0.4859375 0.1046875 0.2140625
1 0.5640625 0.459375 0.0890625 0.2046875
1 0.6515625 0.44140625 0.078125 0.184375
1 0.725 0.42421875 0.075 0.1734375
1 0.79140625 0.41015625 0.0734375 0.1609375
1 0.85234375 0.39375 0.059375 0.1375
1 0.34453125 0.51015625 0.115625 0.234375
1 0.190625 0.51484375 0.11875 0.1921875
0 0.20078125 0.6703125 0.2015625 0.475
0 0.2734375 0.7 0.2234375 0.5421875
0 0.38515625 0.6109375 0.178125 0.4078125
0 0.51171875 0.578125 0.1390625 0.375
0 0.6296875 0.546875 0.16875 0.3796875
0 0.71875 0.5203125 0.1625 0.3828125
0 0.80859375 0.4734375 0.1453125 0.3390625
0 0.8453125 0.4609375 0.11875 0.3296875