0 0.0828125 0.51484375 0.0609375 0.3796875
0 0.13203125 0.475 0.04296875 0.3171875
0 0.1484375 0.5125 0.05546875 0.3
0 0.20546875 0.52421875 0.07578125 0.36796875
0 0.30234375 0.546875 0.0703125 0.36796875
0 0.37578125 0.61328125 0.08359375 0.45390625
0 0.49375 0.5875 0.08203125 0.36484375
0 0.578125 0.57421875 0.078125 0.35703125
0 0.71328125 0.628125 0.096875 0.4625
0 0.93125 0.615625 0.1 0.425
0 0.62578125 0.55703125 0.065625 0.29453125
0 0.75 0.5765625 0.09921875 0.47265625
0 0.90390625 0.55234375 0.0875 0.3859375
0 0.8890625 0.52109375 0.0875 0.35546875
0 0.66484375 0.51796875 0.0546875 0.28515625
0 0.5359375 0.5109375 0.05078125 0.32109375
0 0.465625 0.48671875 0.07109375 0.26796875
0 0.453125 0.47265625 0.05546875 0.275
0 0.37421875 0.49765625 0.078125 0.33359375
0 0.28203125 0.52421875 0.0484375 0.2671875
1 0.2453125 0.40390625 0.0421875 0.1390625
1 0.321875 0.40390625 0.040625 0.13984375
1 0.39609375 0.415625 0.04765625 0.1328125
1 0.4828125 0.41328125 0.04609375 0.13984375
1 0.57265625 0.4171875 0.0421875 0.13125
1 0.6671875 0.4203125 0.05234375 0.14140625
1 0.77734375 0.4234375 0.05546875 0.14296875
1 0.8921875 0.4328125 0.05859375 0.1390625