0 0.24375 0.56796875 0.1640625 0.6
0 0.44140625 0.546875 0.0953125 0.5171875
0 0.58828125 0.5265625 0.09375 0.4484375
0 0.771875 0.49765625 0.0828125 0.4125
0 0.84375 0.4984375 0.0703125 0.325
0 0.90859375 0.4796875 0.0765625 0.33125
0 0.03203125 0.5921875 0.0640625 0.66875
1 0.22578125 0.41796875 0.1265625 0.4125
1 0.0234375 0.378125 0.046875 0.3875
1 0.4046875 0.39765625 0.0890625 0.28125
1 0.53203125 0.40390625 0.06875 0.2515625
1 0.64140625 0.40078125 0.0546875 0.2328125
1 0.71953125 0.40625 0.0578125 0.196875
1 0.78828125 0.4109375 0.0578125 0.18125