0 0.08046875 0.609375 0.134375 0.378125
0 0.22890625 0.59453125 0.1234375 0.3578125
0 0.359375 0.54140625 0.15 0.3984375
0 0.49609375 0.540625 0.1453125 0.3671875
0 0.73046875 0.475 0.1484375 0.4078125
0 0.91796875 0.4578125 0.1578125 0.3703125
1 0.07890625 0.496875 0.115625 0.2296875
1 0.22109375 0.475 0.103125 0.221875
1 0.34765625 0.45625 0.0984375 0.2125
1 0.47109375 0.440625 0.096875 0.203125
1 0.5828125 0.42265625 0.0875 0.2015625
1 0.696875 0.4078125 0.09375 0.1984375
1 0.79453125 0.39140625 0.0828125 0.1890625
1 0.9015625 0.3734375 0.0953125 0.1875