0 0.06640625 0.57265625 0.1328125 0.4546875
1 0.2625 0.47265625 0.0671875 0.2140625
1 0.11640625 0.46796875 0.0859375 0.2171875
1 0.38984375 0.478125 0.0625 0.2046875
1 0.5078125 0.4765625 0.0625 0.19375
1 0.6140625 0.4875 0.0609375 0.1875
1 0.72265625 0.48984375 0.05625 0.1765625
1 0.8171875 0.49296875 0.05 0.1765625
1 0.90625 0.496875 0.05 0.171875
0 0.51171875 0.58828125 0.08125 0.334375
0 0.734375 0.58671875 0.075 0.30625
0 0.853125 0.5890625 0.0734375 0.296875
0 0.9609375 0.565625 0.078125 0.346875