1 0.246875 0.4375 0.090625 0.1859375
1 0.3453125 0.4671875 0.0953125 0.190625
1 0.44921875 0.503125 0.0921875 0.190625
1 0.5578125 0.5203125 0.0921875 0.159375
1 0.6625 0.5703125 0.09375 0.1921875
1 0.77109375 0.60390625 0.1 0.19375
1 0.884375 0.63515625 0.1046875 0.1984375
1 0.14375 0.40703125 0.103125 0.184375
0 0.07421875 0.48125 0.1453125 0.3140625
0 0.13203125 0.52265625 0.175 0.375
0 0.2890625 0.5484375 0.14375 0.328125
0 0.5234375 0.61875 0.1671875 0.346875
0 0.834375 0.72734375 0.190625 0.4125