0 0.19921875 0.66171875 0.1484375 0.4046875
0 0.30546875 0.7234375 0.203125 0.50625
0 0.35390625 0.64375 0.1421875 0.3625
0 0.45390625 0.615625 0.1453125 0.3921875
0 0.63515625 0.5734375 0.1875 0.475
0 0.81953125 0.5625 0.2203125 0.5453125
1 0.25546875 0.5625 0.10625 0.2015625
1 0.3640625 0.54609375 0.1 0.2078125
1 0.484375 0.521875 0.103125 0.2296875
1 0.60859375 0.49453125 0.1125 0.221875
1 0.74765625 0.4765625 0.1234375 0.2390625
1 0.90078125 0.4515625 0.1265625 0.24375
1 0.15 0.58125 0.1 0.2015625