0 0.08515625 0.6578125 0.1703125 0.459375
0 0.2078125 0.56796875 0.1609375 0.3546875
0 0.32109375 0.5578125 0.1390625 0.321875
0 0.4296875 0.53984375 0.146875 0.30625
0 0.88828125 0.428125 0.146875 0.3109375
1 0.2125 0.50625 0.103125 0.1796875
1 0.3125 0.4765625 0.103125 0.1859375
1 0.41640625 0.45078125 0.0984375 0.1828125
1 0.5203125 0.42734375 0.09375 0.1796875
1 0.621875 0.4 0.09375 0.18125
1 0.73359375 0.371875 0.09375 0.18125
1 0.8421875 0.34140625 0.1046875 0.1859375
1 0.94375 0.31640625 0.09375 0.1921875