1 0.090625 0.41640625 0.1203125 0.2515625
1 0.2390625 0.44609375 0.109375 0.2234375
1 0.36875 0.48046875 0.1015625 0.221875
1 0.4921875 0.5078125 0.1 0.2046875
1 0.60234375 0.5265625 0.090625 0.2015625
1 0.70234375 0.55546875 0.0765625 0.1859375
1 0.7953125 0.5734375 0.0828125 0.1796875
1 0.88515625 0.58515625 0.071875 0.159375
0 0.06640625 0.521875 0.1328125 0.45
0 0.20390625 0.56328125 0.1875 0.4328125
0 0.4890625 0.609375 0.14375 0.3765625
0 0.83125 0.65625 0.1578125 0.346875
0 0.925 0.67578125 0.15 0.3859375