0 0.0296875 0.58359375 0.059375 0.27109375
0 0.11171875 0.59140625 0.0828125 0.2890625
0 0.18046875 0.559375 0.05859375 0.28515625
0 0.221875 0.59296875 0.05859375 0.3203125
0 0.26953125 0.61640625 0.08671875 0.3640625
0 0.32734375 0.59765625 0.05234375 0.31328125
0 0.371875 0.58046875 0.05390625 0.28203125
0 0.43125 0.6171875 0.05234375 0.30390625
0 0.4578125 0.59765625 0.05 0.28203125
0 0.53125 0.61328125 0.07421875 0.3484375
0 0.56796875 0.59140625 0.0578125 0.30625
0 0.69375 0.640625 0.10078125 0.365625
0 0.65703125 0.61953125 0.06328125 0.321875
0 0.75 0.615625 0.06953125 0.36875
0 0.80234375 0.61796875 0.0828125 0.3953125
0 0.86484375 0.653125 0.12109375 0.4984375
1 0.7953125 0.52578125 0.05078125 0.1578125
1 0.67890625 0.5171875 0.0546875 0.17421875
1 0.57421875 0.51796875 0.0515625 0.16875
1 0.47421875 0.51328125 0.0578125 0.1671875
1 0.38359375 0.51953125 0.0515625 0.1578125
1 0.29609375 0.50390625 0.05546875 0.13359375
1 0.22109375 0.50703125 0.04609375 0.1375
1 0.14140625 0.509375 0.0453125 0.13984375