1 0.1 0.44921875 0.0625 0.196875
1 0.23125 0.44375 0.05703125 0.1921875
1 0.353125 0.4453125 0.0546875 0.18203125
1 0.46484375 0.44140625 0.04921875 0.17734375
1 0.571875 0.43515625 0.04765625 0.16796875
1 0.67890625 0.4265625 0.05 0.1640625
1 0.77265625 0.42890625 0.04609375 0.15859375
1 0.86484375 0.42421875 0.046875 0.15390625
0 0.0625 0.53203125 0.10546875 0.415625
0 0.165625 0.5515625 0.08125 0.38046875
0 0.47265625 0.50625 0.078125 0.3625
0 0.70234375 0.49375 0.07265625 0.33984375
0 0.92109375 0.48828125 0.0765625 0.33828125