0 0.1703125 0.56171875 0.0859375 0.3765625
0 0.3125 0.5578125 0.08671875 0.3984375
0 0.56796875 0.54609375 0.09921875 0.41875
0 0.821875 0.58203125 0.090625 0.38203125
0 0.8875 0.559375 0.0765625 0.41015625
1 0.065625 0.45859375 0.08125 0.2078125
1 0.19765625 0.4609375 0.075 0.2125
1 0.32265625 0.46640625 0.07109375 0.2015625
1 0.45 0.46640625 0.05859375 0.2109375
1 0.5734375 0.46796875 0.06171875 0.1921875
1 0.703125 0.46875 0.06328125 0.203125
1 0.8328125 0.47109375 0.06484375 0.20390625
1 0.95546875 0.47265625 0.0578125 0.20546875