1 0.18203125 0.528125 0.1671875 0.328125
1 0.36171875 0.4703125 0.134375 0.275
1 0.49296875 0.44296875 0.10625 0.2421875
1 0.6015625 0.40546875 0.0921875 0.2140625
1 0.6859375 0.38671875 0.08125 0.1921875
1 0.759375 0.36640625 0.078125 0.190625
1 0.81796875 0.34140625 0.0734375 0.1578125
1 0.86953125 0.3328125 0.0703125 0.1515625
0 0.23671875 0.66875 0.2765625 0.6625
0 0.67265625 0.50546875 0.1453125 0.3984375
0 0.82421875 0.4484375 0.115625 0.309375
0 0.89140625 0.41796875 0.1046875 0.2890625
0 0.94140625 0.36796875 0.1171875 0.3203125