0 0.0546875 0.51953125 0.109375 0.3640625
0 0.1609375 0.53828125 0.159375 0.35
0 0.29296875 0.55625 0.140625 0.35625
0 0.42890625 0.559375 0.1609375 0.38125
0 0.55234375 0.55625 0.1625 0.4265625
0 0.66328125 0.5828125 0.153125 0.3953125
0 0.796875 0.60859375 0.1546875 0.3609375
0 0.93671875 0.61328125 0.1265625 0.3921875
1 0.0890625 0.428125 0.1078125 0.203125
1 0.2125 0.4421875 0.103125 0.2078125
1 0.33203125 0.4578125 0.10625 0.209375
1 0.4484375 0.475 0.096875 0.1921875
1 0.5671875 0.490625 0.090625 0.1890625
1 0.68125 0.4953125 0.09375 0.1828125
1 0.7984375 0.5203125 0.0953125 0.1828125
1 0.9125 0.52890625 0.096875 0.20625