0 0.9078125 0.59375 0.0828125 0.3609375
0 0.78046875 0.61171875 0.065625 0.3484375
0 0.66171875 0.6015625 0.0796875 0.4296875
0 0.5328125 0.59765625 0.090625 0.4390625
0 0.40546875 0.6234375 0.090625 0.415625
0 0.26640625 0.64296875 0.09375 0.4171875
0 0.1796875 0.65234375 0.0796875 0.4546875
0 0.0515625 0.66328125 0.0984375 0.4328125
1 0.11640625 0.53515625 0.075 0.2421875
1 0.26171875 0.521875 0.078125 0.2203125
1 0.396875 0.50859375 0.071875 0.1890625
1 0.521875 0.50859375 0.0609375 0.16875
1 0.6453125 0.5125 0.065625 0.1859375
1 0.7609375 0.50703125 0.0625 0.1921875
1 0.87421875 0.5015625 0.0625 0.2
1 0.97578125 0.5015625 0.0484375 0.190625