0 0.17109375 0.5171875 0.08046875 0.334375
0 0.29140625 0.49765625 0.06171875 0.27578125
0 0.37734375 0.5171875 0.075 0.35703125
0 0.428125 0.50078125 0.03671875 0.2875
0 0.4625 0.54296875 0.065625 0.35625
0 0.51171875 0.50078125 0.05625 0.3
0 0.58515625 0.490625 0.0671875 0.3109375
0 0.6953125 0.50234375 0.07421875 0.30546875
0 0.77265625 0.5234375 0.06171875 0.27890625
0 0.825 0.50078125 0.06640625 0.3140625
0 0.928125 0.5 0.08125 0.32890625
1 0.89140625 0.4421875 0.05546875 0.1609375
1 0.79296875 0.43828125 0.05546875 0.153125
1 0.6921875 0.43359375 0.05078125 0.15390625
1 0.590625 0.42890625 0.0515625 0.1546875
1 0.496875 0.4265625 0.05625 0.15078125
1 0.4015625 0.4265625 0.053125 0.1578125
1 0.3046875 0.42578125 0.05234375 0.159375
1 0.21171875 0.42265625 0.05859375 0.16171875