1 0.0921875 0.56171875 0.08125 0.209375
1 0.23515625 0.55390625 0.078125 0.2046875
1 0.35859375 0.53515625 0.0734375 0.196875
1 0.5953125 0.51640625 0.075 0.1890625
1 0.703125 0.50703125 0.06875 0.1828125
1 0.80390625 0.4984375 0.0640625 0.1796875
1 0.90625 0.4890625 0.06875 0.1765625
0 0.08828125 0.65625 0.15625 0.428125
0 0.21015625 0.68203125 0.1328125 0.3734375
0 0.371875 0.65390625 0.1046875 0.3484375
0 0.49453125 0.61796875 0.115625 0.378125
0 0.62421875 0.60546875 0.1125 0.378125
0 0.7296875 0.58203125 0.10625 0.3796875
0 0.84609375 0.57890625 0.1015625 0.346875
0 0.9515625 0.56171875 0.096875 0.3453125
1 0.4796875 0.53046875 0.0703125 0.2046875