0 0.115625 0.5328125 0.07734375 0.28984375
0 0.2 0.5328125 0.090625 0.315625
0 0.3078125 0.53515625 0.059375 0.3203125
0 0.48984375 0.56171875 0.07578125 0.31484375
0 0.615625 0.5671875 0.0828125 0.35234375
0 0.75625 0.5703125 0.10234375 0.40390625
0 0.884375 0.590625 0.09609375 0.34140625
1 0.16328125 0.46171875 0.0484375 0.16640625
1 0.24296875 0.46171875 0.05390625 0.16640625
1 0.325 0.46875 0.059375 0.17109375
1 0.42109375 0.47109375 0.04921875 0.1765625
1 0.51953125 0.475 0.0546875 0.18046875
1 0.6296875 0.4734375 0.06015625 0.1984375
1 0.75390625 0.47421875 0.06328125 0.22265625
1 0.890625 0.478125 0.0703125 0.2203125