0 0.109375 0.56875 0.0953125 0.353125
0 0.21015625 0.5296875 0.0703125 0.24375
0 0.240625 0.5359375 0.0828125 0.31875
0 0.3109375 0.553125 0.078125 0.2828125
0 0.36640625 0.53046875 0.0734375 0.2578125
0 0.42421875 0.54375 0.0734375 0.3109375
0 0.48515625 0.56953125 0.1078125 0.3609375
0 0.5546875 0.5265625 0.0953125 0.2953125
0 0.6390625 0.54921875 0.1046875 0.3625
0 0.65859375 0.5265625 0.08125 0.309375
0 0.77578125 0.51953125 0.1015625 0.346875
1 0.2421875 0.47578125 0.053125 0.15
1 0.31328125 0.4640625 0.0515625 0.15
1 0.38984375 0.46171875 0.0546875 0.15
1 0.47265625 0.46015625 0.0625 0.159375
1 0.56171875 0.45625 0.0609375 0.1671875
1 0.66015625 0.45234375 0.065625 0.175
1 0.76953125 0.44296875 0.071875 0.175
1 0.88828125 0.43515625 0.0765625 0.1734375
0 0.90390625 0.52734375 0.11875 0.35625
0 0.290625 0.53046875 0.0671875 0.253125