0 0.14375 0.52109375 0.0640625 0.25546875
0 0.28828125 0.53515625 0.059375 0.26640625
0 0.40625 0.53984375 0.0671875 0.278125
0 0.5953125 0.53046875 0.0625 0.31171875
0 0.75859375 0.56015625 0.05390625 0.2828125
0 0.809375 0.54453125 0.0546875 0.296875
0 0.91015625 0.5609375 0.075 0.34296875
1 0.209375 0.46015625 0.0515625 0.159375
1 0.30390625 0.4640625 0.05390625 0.1578125
1 0.40546875 0.4640625 0.059375 0.14921875
1 0.48984375 0.46875 0.04375 0.15546875
1 0.58984375 0.46796875 0.053125 0.14609375
1 0.68359375 0.475 0.0484375 0.1578125
1 0.7859375 0.4734375 0.0515625 0.1484375
1 0.8921875 0.48203125 0.06328125 0.16015625