1 0.16796875 0.43359375 0.12890625 0.3578125
1 0.3625 0.43203125 0.09375 0.30859375
1 0.51328125 0.44140625 0.07734375 0.2703125
1 0.6265625 0.42890625 0.065625 0.19921875
1 0.7109375 0.42109375 0.07265625 0.1828125
1 0.78046875 0.41015625 0.05 0.15625
0 0.3234375 0.60234375 0.1046875 0.553125
0 0.471875 0.5859375 0.10859375 0.4890625
0 0.55234375 0.56640625 0.07265625 0.45078125
0 0.63671875 0.52578125 0.08046875 0.4109375
0 0.7265625 0.5421875 0.08046875 0.4984375
0 0.78515625 0.496875 0.065625 0.4359375
0 0.84296875 0.4953125 0.0640625 0.34140625
0 0.89609375 0.49140625 0.07734375 0.30703125
1 0.8375 0.40390625 0.0359375 0.1375