1 0.1453125 0.53671875 0.10859375 0.34765625
1 0.31875 0.5171875 0.06484375 0.290625
1 0.44296875 0.5078125 0.06015625 0.24453125
1 0.534375 0.51015625 0.046875 0.2046875
1 0.603125 0.49921875 0.04609375 0.1828125
1 0.6578125 0.48828125 0.03984375 0.1453125
1 0.703125 0.49296875 0.034375 0.1484375
1 0.7421875 0.48671875 0.03046875 0.13359375
0 0.17890625 0.68828125 0.13203125 0.621875
0 0.3890625 0.65234375 0.1078125 0.53359375
0 0.58828125 0.59921875 0.07421875 0.371875
0 0.653125 0.57109375 0.04609375 0.35859375
0 0.76171875 0.55625 0.0703125 0.2796875
0 0.82890625 0.54375 0.0578125 0.296875