0 0.0859375 0.48125 0.171875 0.46875
1 0.2734375 0.4234375 0.109375 0.221875
1 0.13125 0.3890625 0.1296875 0.228125
1 0.396875 0.45546875 0.103125 0.2109375
1 0.5125 0.47890625 0.1015625 0.2015625
1 0.61484375 0.5109375 0.0984375 0.1953125
1 0.7203125 0.53671875 0.0921875 0.1828125
1 0.81171875 0.559375 0.0859375 0.18125
1 0.8984375 0.58125 0.084375 0.178125
0 0.49296875 0.5890625 0.1484375 0.3421875
0 0.7109375 0.63359375 0.1359375 0.3125
0 0.82734375 0.66015625 0.1328125 0.303125
0 0.93125 0.659375 0.1375 0.353125