1 0.09453125 0.57578125 0.0875 0.209375
1 0.23671875 0.56328125 0.084375 0.20625
1 0.36015625 0.53984375 0.0796875 0.1984375
1 0.59609375 0.51328125 0.08125 0.190625
1 0.703125 0.5 0.075 0.184375
1 0.80390625 0.4875 0.0703125 0.18125
1 0.90546875 0.475 0.0734375 0.178125
0 0.09453125 0.6703125 0.1703125 0.4296875
0 0.21640625 0.6921875 0.1453125 0.375
0 0.37734375 0.65859375 0.115625 0.35
0 0.4984375 0.61796875 0.128125 0.3796875
0 0.628125 0.60078125 0.125 0.3796875
0 0.7328125 0.5734375 0.11875 0.38125
0 0.84921875 0.56640625 0.1140625 0.3484375
0 0.95 0.5453125 0.1 0.346875
1 0.48125 0.53125 0.0765625 0.20625