0 0.1265625 0.5359375 0.06875 0.2765625
0 0.1796875 0.55625 0.1015625 0.35
0 0.33203125 0.56171875 0.08125 0.35625
0 0.5109375 0.57734375 0.1078125 0.4609375
0 0.61953125 0.5796875 0.103125 0.4125
1 0.1859375 0.4734375 0.046875 0.1578125
1 0.25546875 0.47421875 0.05 0.1625
1 0.33359375 0.4734375 0.0515625 0.1625
1 0.41953125 0.4796875 0.059375 0.18125
1 0.51796875 0.48203125 0.065625 0.1921875
1 0.63671875 0.48515625 0.075 0.209375
1 0.77578125 0.49375 0.0765625 0.234375
1 0.93359375 0.50234375 0.096875 0.25625