0 0.04296875 0.57890625 0.06953125 0.3453125
0 0.06015625 0.55546875 0.06484375 0.3375
0 0.1453125 0.56015625 0.0796875 0.31484375
0 0.24765625 0.5578125 0.07734375 0.3265625
0 0.35859375 0.5625 0.0734375 0.3046875
0 0.65078125 0.5671875 0.075 0.28046875
1 0.13671875 0.4796875 0.05625 0.17109375
1 0.2484375 0.47890625 0.059375 0.16484375
1 0.35 0.48046875 0.0578125 0.15546875
1 0.4484375 0.48984375 0.04921875 0.1625
1 0.54765625 0.48828125 0.04765625 0.1578125
1 0.640625 0.49140625 0.04921875 0.16015625
1 0.73125 0.4921875 0.04453125 0.1578125
1 0.821875 0.4953125 0.04375 0.15
0 0.853125 0.56875 0.05703125 0.30703125
0 0.9203125 0.5671875 0.08125 0.35546875