0 0.171875 0.5828125 0.16875 0.321875
0 0.2859375 0.5390625 0.1234375 0.2609375
0 0.4015625 0.5390625 0.1640625 0.371875
0 0.48671875 0.53046875 0.1484375 0.3375
0 0.5625 0.45078125 0.1375 0.2984375
0 0.67734375 0.44765625 0.140625 0.315625
0 0.75546875 0.44453125 0.1375 0.303125
0 0.79765625 0.4046875 0.1265625 0.284375
0 0.896875 0.3875 0.171875 0.3359375
1 0.19296875 0.48828125 0.09375 0.16875
1 0.284375 0.46796875 0.09375 0.171875
1 0.37265625 0.4359375 0.0859375 0.1484375
1 0.46484375 0.415625 0.0859375 0.146875
1 0.56171875 0.4 0.09375 0.1640625
1 0.6578125 0.3703125 0.084375 0.1546875
1 0.75703125 0.34765625 0.0859375 0.146875
1 0.85078125 0.33125 0.09375 0.1625