1 0.096875 0.5125 0.0921875 0.2046875
1 0.22578125 0.48671875 0.0859375 0.1984375
1 0.34609375 0.46875 0.0828125 0.1890625
1 0.45625 0.44765625 0.0765625 0.1828125
1 0.5609375 0.425 0.0734375 0.1734375
1 0.66484375 0.39921875 0.075 0.1703125
1 0.7578125 0.3875 0.0703125 0.1640625
1 0.8484375 0.36796875 0.0703125 0.159375
0 0.078125 0.59921875 0.15625 0.4265625
0 0.178125 0.603125 0.1390625 0.3890625
0 0.47421875 0.51015625 0.134375 0.3703125
0 0.69921875 0.4625 0.125 0.346875
0 0.9140625 0.42265625 0.128125 0.3453125