1 0.2390625 0.50078125 0.0484375 0.17890625
1 0.3421875 0.50546875 0.053125 0.18359375
1 0.4515625 0.515625 0.04921875 0.18359375
1 0.5609375 0.50546875 0.0578125 0.15
1 0.675 0.52890625 0.05078125 0.1859375
1 0.78828125 0.53515625 0.05625 0.1859375
1 0.90546875 0.53828125 0.0609375 0.1890625
1 0.13203125 0.49609375 0.0625 0.175
0 0.08203125 0.58515625 0.0734375 0.3046875
0 0.1484375 0.6109375 0.08984375 0.36484375
0 0.30703125 0.59765625 0.06875 0.32109375
0 0.5515625 0.609375 0.08828125 0.33515625
0 0.8796875 0.63984375 0.096875 0.40078125