0 0.06171875 0.478125 0.1234375 0.459375
0 0.2046875 0.4484375 0.1328125 0.353125
0 0.3125 0.4828125 0.1140625 0.321875
0 0.41953125 0.509375 0.1234375 0.3046875
0 0.88515625 0.58515625 0.1234375 0.309375
1 0.2328125 0.39375 0.0890625 0.1765625
1 0.3359375 0.40546875 0.0890625 0.184375
1 0.4421875 0.421875 0.084375 0.1796875
1 0.54765625 0.44140625 0.0796875 0.178125
1 0.65078125 0.45546875 0.0796875 0.1796875
1 0.765625 0.4734375 0.0796875 0.1796875
1 0.8765625 0.4875 0.090625 0.1828125
1 0.9703125 0.50390625 0.059375 0.1921875