0 0.2046875 0.57109375 0.109375 0.42109375
0 0.44609375 0.62421875 0.05 0.371875
0 0.51328125 0.64296875 0.1046875 0.4203125
0 0.56640625 0.575 0.0703125 0.3390625
0 0.48359375 0.6140625 0.0484375 0.3703125
0 0.703125 0.5640625 0.06328125 0.37265625
0 0.80234375 0.56015625 0.06640625 0.34453125
1 0.2203125 0.49375 0.071875 0.1734375
1 0.35 0.50078125 0.0546875 0.1859375
1 0.4640625 0.4984375 0.05703125 0.1765625
1 0.5703125 0.496875 0.04921875 0.1734375
1 0.675 0.503125 0.05625 0.175
1 0.7625 0.5046875 0.0484375 0.16875
1 0.85078125 0.50703125 0.04453125 0.1640625
1 0.93046875 0.5125 0.0421875 0.15390625