0 0.12734375 0.59921875 0.1265625 0.2984375
0 0.21015625 0.584375 0.14375 0.3265625
0 0.3171875 0.56796875 0.1140625 0.325
0 0.50078125 0.5625 0.1296875 0.3234375
0 0.62578125 0.54609375 0.1421875 0.3609375
0 0.76484375 0.525 0.1703125 0.415625
0 0.89453125 0.52265625 0.1546875 0.353125
1 0.16171875 0.52109375 0.0765625 0.171875
1 0.23984375 0.50703125 0.08125 0.1734375
1 0.321875 0.5 0.0875 0.178125
1 0.4171875 0.48515625 0.0796875 0.1828125
1 0.51484375 0.471875 0.0859375 0.1875
1 0.6234375 0.4515625 0.09375 0.20625
1 0.7453125 0.43046875 0.1015625 0.2296875
1 0.88125 0.4109375 0.1078125 0.2296875