0 0.08828125 0.50078125 0.15 0.3703125
0 0.22109375 0.53203125 0.1546875 0.35625
0 0.36015625 0.53515625 0.1640625 0.4
0 0.72109375 0.6109375 0.1625 0.3703125
0 0.80625 0.63046875 0.1390625 0.353125
1 0.9265625 0.57578125 0.0875 0.1828125
1 0.8265625 0.55703125 0.0921875 0.1953125
1 0.7265625 0.53359375 0.096875 0.1875
1 0.6140625 0.50546875 0.096875 0.2
1 0.50390625 0.48203125 0.0890625 0.203125
1 0.3890625 0.446875 0.0953125 0.190625
1 0.26015625 0.42890625 0.1046875 0.2
1 0.13046875 0.39765625 0.1203125 0.2265625