1 0.2453125 0.5546875 0.084375 0.184375
1 0.346875 0.53828125 0.090625 0.190625
1 0.45625 0.525 0.0859375 0.1890625
1 0.5609375 0.49296875 0.0875 0.159375
1 0.67734375 0.4921875 0.0890625 0.1921875
1 0.7890625 0.47421875 0.09375 0.19375
1 0.9046875 0.453125 0.0984375 0.196875
1 0.1390625 0.57265625 0.096875 0.184375
0 0.10859375 0.6703125 0.1359375 0.3140625
0 0.17890625 0.68125 0.1640625 0.375
0 0.33125 0.6359375 0.134375 0.328125
0 0.5734375 0.59609375 0.15625 0.346875
0 0.90078125 0.5578125 0.178125 0.4125