1 0.08828125 0.52578125 0.06328125 0.20390625
1 0.23125 0.53046875 0.06015625 0.20078125
1 0.35625 0.52265625 0.05625 0.19296875
1 0.59375 0.525 0.05859375 0.184375
1 0.7015625 0.525 0.053125 0.17890625
1 0.803125 0.525 0.0484375 0.1765625
1 0.90546875 0.52421875 0.053125 0.17265625
0 0.0765625 0.61953125 0.1203125 0.41875
0 0.1953125 0.65625 0.1015625 0.365625
0 0.35859375 0.6421875 0.075 0.34296875
0 0.484375 0.6171875 0.08359375 0.371875
0 0.61484375 0.615625 0.0796875 0.37265625
0 0.721875 0.6015625 0.07421875 0.37421875
0 0.83828125 0.60859375 0.07265625 0.3421875
0 0.95546875 0.60234375 0.08828125 0.33828125
1 0.47734375 0.52890625 0.05234375 0.2015625