0 0.14375 0.48359375 0.090625 0.2609375
0 0.2859375 0.5125 0.0875 0.271875
0 0.40234375 0.5296875 0.0953125 0.284375
0 0.59140625 0.540625 0.0953125 0.3171875
0 0.75078125 0.58671875 0.0828125 0.2875
0 0.803125 0.5765625 0.0859375 0.3015625
0 0.9015625 0.603125 0.1109375 0.3484375
1 0.21484375 0.4296875 0.0671875 0.1640625
1 0.30859375 0.44375 0.0703125 0.1625
1 0.409375 0.4546875 0.075 0.1546875
1 0.49296875 0.46796875 0.059375 0.159375
1 0.59296875 0.47734375 0.06875 0.1515625
1 0.68515625 0.49453125 0.0640625 0.1625
1 0.7875 0.503125 0.0671875 0.153125
1 0.8921875 0.5234375 0.0796875 0.165625