0 0.12890625 0.55546875 0.0734375 0.2765625
0 0.1828125 0.57265625 0.1078125 0.3515625
0 0.33515625 0.5703125 0.0875 0.3578125
0 0.51484375 0.5765625 0.115625 0.4625
0 0.6234375 0.5734375 0.1109375 0.4140625
1 0.184375 0.48984375 0.05 0.159375
1 0.25390625 0.48671875 0.053125 0.1625
1 0.33203125 0.48203125 0.0546875 0.1640625
1 0.41875 0.484375 0.0625 0.1828125
1 0.5171875 0.48125 0.06875 0.19375
1 0.6359375 0.478125 0.0796875 0.2109375
1 0.775 0.4796875 0.08125 0.2359375
1 0.9328125 0.4796875 0.1015625 0.2578125