1 0.0953125 0.4984375 0.08203125 0.2109375
1 0.23828125 0.4953125 0.071875 0.2078125
1 0.3671875 0.49296875 0.06953125 0.19921875
1 0.475 0.4953125 0.0609375 0.1859375
1 0.584375 0.4953125 0.0484375 0.18203125
1 0.69140625 0.4953125 0.05703125 0.16875
1 0.7765625 0.49453125 0.0515625 0.1671875
1 0.86015625 0.49296875 0.053125 0.16171875
0 0.40390625 0.59765625 0.07265625 0.3953125
0 0.71015625 0.56484375 0.09140625 0.3484375
0 0.84453125 0.56875 0.08671875 0.334375
0 0.94609375 0.56015625 0.078125 0.3578125