0 0.2453125 0.57265625 0.153125 0.59765625
0 0.4421875 0.54765625 0.0859375 0.515625
0 0.5890625 0.525 0.08671875 0.44765625
0 0.771875 0.49296875 0.075 0.41171875
0 0.84375 0.4921875 0.0640625 0.3234375
0 0.9078125 0.47265625 0.07109375 0.3296875
0 0.03046875 0.6015625 0.0609375 0.66796875
1 0.22421875 0.42265625 0.11875 0.41015625
1 0.02109375 0.3875 0.0421875 0.3875
1 0.403125 0.39921875 0.08359375 0.28046875
1 0.53046875 0.403125 0.0640625 0.25
1 0.63984375 0.3984375 0.05 0.23125
1 0.71796875 0.40234375 0.0546875 0.1953125
1 0.78671875 0.40625 0.0546875 0.1796875