0 0.10546875 0.6265625 0.159375 0.4125
0 0.49453125 0.58046875 0.1140625 0.334375
0 0.61953125 0.55859375 0.1296875 0.3453125
0 0.72734375 0.54921875 0.1203125 0.3203125
0 0.84296875 0.52421875 0.121875 0.3265625
0 0.9640625 0.48984375 0.071875 0.3640625
1 0.13828125 0.5328125 0.0984375 0.2078125
1 0.25859375 0.52265625 0.0890625 0.1984375
1 0.3734375 0.50625 0.0765625 0.1875
1 0.490625 0.48359375 0.084375 0.1890625
1 0.60078125 0.46796875 0.08125 0.171875
1 0.709375 0.45546875 0.08125 0.175
1 0.815625 0.43984375 0.08125 0.1890625
1 0.915625 0.428125 0.078125 0.190625