0 0.10546875 0.74609375 0.1953125 0.41875
0 0.32109375 0.67421875 0.178125 0.4
0 0.40546875 0.6390625 0.1609375 0.371875
0 0.51796875 0.59375 0.1703125 0.378125
0 0.5625 0.584375 0.1875 0.4296875
0 0.64296875 0.528125 0.2140625 0.4203125
0 0.746875 0.50859375 0.16875 0.3671875
0 0.8390625 0.48203125 0.153125 0.3375
0 0.92734375 0.4390625 0.1453125 0.3375
1 0.0953125 0.6171875 0.14375 0.2453125
1 0.246875 0.5765625 0.134375 0.23125
1 0.38125 0.5421875 0.115625 0.21875
1 0.4953125 0.50234375 0.1171875 0.20625
1 0.596875 0.46953125 0.1109375 0.209375
1 0.7 0.4421875 0.09375 0.1890625
1 0.78671875 0.41328125 0.0921875 0.18125
1 0.865625 0.39140625 0.0890625 0.16875