0 0.0859375 0.7109375 0.1625 0.41875
0 0.30625 0.6578125 0.1453125 0.4015625
0 0.39375 0.63046875 0.13125 0.371875
0 0.509375 0.5953125 0.1390625 0.378125
0 0.5546875 0.58984375 0.153125 0.43125
0 0.63984375 0.540625 0.18125 0.41875
0 0.74453125 0.5296875 0.1390625 0.3671875
0 0.8390625 0.51171875 0.1265625 0.3375
0 0.9359375 0.47734375 0.128125 0.3359375
1 0.08671875 0.58125 0.125 0.2421875
1 0.24140625 0.5546875 0.1171875 0.228125
1 0.378125 0.53203125 0.1 0.2171875
1 0.4953125 0.5015625 0.1015625 0.203125
1 0.59921875 0.478125 0.0953125 0.2078125
1 0.70390625 0.46015625 0.0796875 0.1875
1 0.79296875 0.4390625 0.078125 0.18125
1 0.8734375 0.4234375 0.0765625 0.1671875