0 0.18359375 0.6359375 0.1703125 0.63125
0 0.390625 0.61796875 0.1296875 0.5078125
0 0.61171875 0.58203125 0.09375 0.3984375
0 0.6875 0.55625 0.0828125 0.35625
0 0.82890625 0.55546875 0.1 0.2984375
0 0.91640625 0.54609375 0.1015625 0.33125
1 0.17109375 0.48125 0.125 0.3296875
1 0.34140625 0.475 0.0953125 0.2921875
1 0.47578125 0.48046875 0.0765625 0.2296875
1 0.57265625 0.478125 0.0625 0.21875
1 0.64609375 0.47578125 0.0515625 0.1875
1 0.7109375 0.4765625 0.04375 0.15625
1 0.7625 0.4828125 0.0375 0.15
1 0.8140625 0.48203125 0.04375 0.13125