0 0.07890625 0.69296875 0.1578125 0.3640625
0 0.2 0.6625 0.16875 0.3515625
0 0.3296875 0.6296875 0.153125 0.35625
0 0.45703125 0.58203125 0.1734375 0.3828125
0 0.56953125 0.53203125 0.1765625 0.4265625
0 0.68203125 0.515625 0.165625 0.3953125
0 0.815625 0.48984375 0.165625 0.3625
0 0.93828125 0.43828125 0.1234375 0.3921875
1 0.0921875 0.5875 0.1140625 0.2046875
1 0.21171875 0.55390625 0.1109375 0.209375
1 0.32890625 0.5234375 0.1125 0.209375
1 0.4421875 0.49609375 0.103125 0.19375
1 0.559375 0.465625 0.096875 0.190625
1 0.665625 0.428125 0.0984375 0.184375
1 0.784375 0.40703125 0.1 0.184375
1 0.89296875 0.37265625 0.1046875 0.2078125