0 0.0984375 0.540625 0.084375 0.334375
0 0.1328125 0.56328125 0.1421875 0.3609375
0 0.24921875 0.553125 0.0953125 0.30625
0 0.546875 0.60234375 0.0953125 0.359375
0 0.440625 0.57265625 0.09375 0.375
0 0.40078125 0.56484375 0.071875 0.3
0 0.46796875 0.565625 0.0765625 0.321875
0 0.571875 0.55 0.09375 0.3234375
0 0.67265625 0.56796875 0.0890625 0.315625
0 0.74453125 0.58671875 0.0859375 0.3046875
0 0.7859375 0.57265625 0.075 0.2875
0 0.8734375 0.56640625 0.0890625 0.3015625
1 0.153125 0.4640625 0.0703125 0.184375
1 0.265625 0.47265625 0.0671875 0.175
1 0.3734375 0.48046875 0.0578125 0.1703125
1 0.56484375 0.4890625 0.065625 0.1609375
1 0.66484375 0.4984375 0.05625 0.1640625
1 0.75625 0.50078125 0.059375 0.1546875
1 0.84453125 0.509375 0.05625 0.1546875