0 0.2375 0.7015625 0.284375 0.596875
0 0.4296875 0.64453125 0.221875 0.5140625
0 0.63046875 0.5453125 0.165625 0.4
0 0.6953125 0.4984375 0.1484375 0.3578125
0 0.83046875 0.45703125 0.153125 0.30625
0 0.91171875 0.42265625 0.1625 0.3375
1 0.1796875 0.578125 0.184375 0.340625
1 0.34140625 0.52265625 0.146875 0.2984375
1 0.47109375 0.48828125 0.1171875 0.2359375
1 0.5625 0.4578125 0.103125 0.221875
1 0.6328125 0.43359375 0.0859375 0.190625
1 0.69453125 0.415625 0.071875 0.159375
1 0.7453125 0.40625 0.065625 0.1515625
1 0.79453125 0.39140625 0.0671875 0.134375