0 0.07265625 0.58203125 0.08671875 0.39375
0 0.22578125 0.58125 0.103125 0.384375
0 0.37109375 0.57265625 0.07109375 0.36328125
0 0.50625 0.56328125 0.071875 0.3515625
0 0.7171875 0.5421875 0.07421875 0.359375
0 0.8203125 0.54921875 0.078125 0.29921875
0 0.9390625 0.534375 0.075 0.33125
1 0.08671875 0.46171875 0.08046875 0.2265625
1 0.23984375 0.4703125 0.0703125 0.2203125
1 0.36875 0.46015625 0.065625 0.18359375
1 0.49140625 0.4671875 0.06328125 0.196875
1 0.596875 0.4671875 0.0578125 0.1890625
1 0.703125 0.4671875 0.05078125 0.17265625
1 0.79609375 0.4640625 0.0453125 0.17421875
1 0.87890625 0.465625 0.04375 0.16953125