0 0.16328125 0.465625 0.1171875 0.315625
0 0.28515625 0.46328125 0.08125 0.259375
0 0.39375 0.503125 0.103125 0.3703125
0 0.47734375 0.52421875 0.09375 0.3359375
0 0.57578125 0.475 0.0890625 0.2953125
0 0.68515625 0.51171875 0.0890625 0.315625
0 0.75859375 0.53515625 0.0875 0.3015625
0 0.8125 0.5125 0.0796875 0.2828125
0 0.91171875 0.5296875 0.11875 0.3296875
1 0.215625 0.384375 0.06875 0.1640625
1 0.30859375 0.39609375 0.0671875 0.1671875
1 0.40234375 0.396875 0.0640625 0.14375
1 0.49609375 0.40859375 0.0640625 0.1421875
1 0.5921875 0.42734375 0.06875 0.159375
1 0.69296875 0.43203125 0.0609375 0.15
1 0.79375 0.44453125 0.0640625 0.1421875
1 0.8875 0.46171875 0.06875 0.1578125