1 0.17109375 0.52890625 0.075 0.178125
1 0.28046875 0.52890625 0.0703125 0.190625
1 0.38359375 0.53046875 0.06875 0.1828125
1 0.48671875 0.5265625 0.0734375 0.1796875
1 0.6 0.5234375 0.06875 0.190625
1 0.7140625 0.525 0.065625 0.1921875
1 0.83359375 0.53203125 0.0640625 0.18125
1 0.95390625 0.53359375 0.0640625 0.1828125
0 0.13203125 0.5875 0.0921875 0.3625
0 0.27421875 0.6171875 0.078125 0.3203125
0 0.30859375 0.6375 0.0859375 0.3453125
0 0.3625 0.6109375 0.08125 0.3203125
0 0.48984375 0.59609375 0.09375 0.403125
0 0.45546875 0.6078125 0.078125 0.3359375
0 0.59765625 0.5921875 0.09375 0.3921875