0 0.165625 0.5265625 0.125 0.3828125
0 0.3078125 0.53828125 0.128125 0.4046875
0 0.5625 0.553125 0.1421875 0.4265625
0 0.81171875 0.61484375 0.1296875 0.3890625
0 0.87890625 0.59921875 0.11875 0.415625
1 0.07265625 0.41328125 0.103125 0.215625
1 0.203125 0.4296875 0.096875 0.21875
1 0.32734375 0.4484375 0.0921875 0.2078125
1 0.45390625 0.46171875 0.0796875 0.215625
1 0.5765625 0.47578125 0.08125 0.196875
1 0.70546875 0.48984375 0.084375 0.209375
1 0.834375 0.50625 0.0859375 0.209375
1 0.95546875 0.5203125 0.0796875 0.2109375