0 0.053125 0.48984375 0.10625 0.3359375
0 0.17109375 0.5046875 0.1140625 0.3328125
0 0.23828125 0.496875 0.0953125 0.3015625
0 0.290625 0.5171875 0.1046875 0.31875
0 0.3890625 0.54453125 0.109375 0.3265625
0 0.43125 0.540625 0.084375 0.29375
0 0.4953125 0.565625 0.1265625 0.4
0 0.60703125 0.6171875 0.109375 0.334375
0 0.646875 0.57578125 0.0984375 0.3453125
0 0.75390625 0.63515625 0.1390625 0.4375
0 0.88203125 0.62109375 0.125 0.3734375
0 0.93203125 0.6546875 0.1359375 0.44375
1 0.21171875 0.4234375 0.0640625 0.1484375
1 0.29296875 0.43046875 0.0640625 0.1484375
1 0.375 0.45078125 0.0734375 0.1609375
1 0.4578125 0.465625 0.075 0.1625
1 0.5515625 0.48125 0.075 0.1734375
1 0.65546875 0.49296875 0.0703125 0.1703125
1 0.7765625 0.50859375 0.090625 0.18125
1 0.9 0.53359375 0.09375 0.203125