0 0.090625 0.56328125 0.09765625 0.40234375
0 0.48203125 0.57890625 0.0640625 0.328125
0 0.60859375 0.5765625 0.07734375 0.33671875
0 0.7171875 0.584375 0.071875 0.31328125
0 0.83515625 0.57734375 0.07265625 0.31875
0 0.97578125 0.565625 0.0484375 0.36171875
1 0.1375 0.47578125 0.06875 0.2
1 0.2578125 0.484375 0.06015625 0.19140625
1 0.37421875 0.48671875 0.0484375 0.1828125
1 0.49296875 0.48203125 0.05703125 0.1828125
1 0.6046875 0.484375 0.05546875 0.165625
1 0.7140625 0.4890625 0.05546875 0.16796875
1 0.82109375 0.48984375 0.053125 0.18359375
1 0.921875 0.49375 0.05 0.18515625