0 0.1984375 0.534375 0.159375 0.43125
0 0.43125 0.61640625 0.0953125 0.375
0 0.49609375 0.64375 0.1546875 0.4296875
0 0.55703125 0.5828125 0.1109375 0.3453125
0 0.46953125 0.6109375 0.09375 0.3734375
0 0.69375 0.58828125 0.1078125 0.378125
0 0.79296875 0.596875 0.1078125 0.35
1 0.2234375 0.459375 0.0921875 0.18125
1 0.35078125 0.4828125 0.0765625 0.190625
1 0.46484375 0.49375 0.078125 0.1828125
1 0.5703125 0.50546875 0.0703125 0.178125
1 0.6734375 0.52421875 0.0765625 0.18125
1 0.76015625 0.53671875 0.06875 0.1734375
1 0.84765625 0.55 0.0640625 0.16875
1 0.92578125 0.56484375 0.0609375 0.1578125