0 0.14921875 0.5640625 0.0953125 0.2609375
0 0.29453125 0.5609375 0.090625 0.271875
0 0.41171875 0.55078125 0.1 0.284375
0 0.5984375 0.51875 0.1 0.3171875
0 0.7640625 0.528125 0.0875 0.2875
0 0.8125 0.50625 0.090625 0.3015625
0 0.91484375 0.51015625 0.115625 0.35
1 0.20703125 0.49609375 0.0703125 0.1640625
1 0.30078125 0.48828125 0.0734375 0.1625
1 0.4015625 0.47578125 0.0765625 0.1546875
1 0.4859375 0.4703125 0.0625 0.159375
1 0.58515625 0.45703125 0.0703125 0.1515625
1 0.67890625 0.453125 0.0671875 0.1625
1 0.78046875 0.4390625 0.06875 0.153125
1 0.88671875 0.434375 0.0828125 0.1671875