0 0.11875 0.559375 0.096875 0.2953125
0 0.203125 0.55390625 0.1125 0.321875
0 0.3109375 0.5484375 0.08125 0.3234375
0 0.49453125 0.5625 0.096875 0.31875
0 0.6203125 0.55859375 0.1078125 0.3578125
0 0.76015625 0.55234375 0.1296875 0.409375
0 0.88984375 0.56328125 0.1203125 0.346875
1 0.16171875 0.48515625 0.059375 0.16875
1 0.240625 0.4796875 0.065625 0.1703125
1 0.3234375 0.48125 0.071875 0.175
1 0.41953125 0.4765625 0.0609375 0.1796875
1 0.51796875 0.4734375 0.0671875 0.184375
1 0.62734375 0.46484375 0.0734375 0.2015625
1 0.7515625 0.45625 0.078125 0.2265625
1 0.88828125 0.45078125 0.0859375 0.225