0 0.115625 0.65390625 0.1859375 0.4140625
0 0.5 0.58125 0.1359375 0.334375
0 0.62265625 0.55 0.1515625 0.3453125
0 0.73046875 0.53359375 0.140625 0.321875
0 0.84375 0.5 0.1421875 0.3265625
0 0.95703125 0.45703125 0.0859375 0.3640625
1 0.14140625 0.5578125 0.1125 0.2109375
1 0.26015625 0.5390625 0.1015625 0.2
1 0.37421875 0.515625 0.0890625 0.1890625
1 0.4890625 0.484375 0.096875 0.190625
1 0.5984375 0.4609375 0.090625 0.1734375
1 0.70625 0.44140625 0.0921875 0.1765625
1 0.8109375 0.41796875 0.09375 0.190625
1 0.909375 0.39921875 0.090625 0.1921875