0 0.17109375 0.47734375 0.1203125 0.3421875
0 0.29296875 0.471875 0.0953125 0.28125
0 0.37578125 0.50234375 0.1171875 0.3640625
0 0.42890625 0.4921875 0.071875 0.2890625
0 0.4578125 0.53828125 0.1078125 0.3609375
0 0.51171875 0.50234375 0.0921875 0.3046875
0 0.5859375 0.50078125 0.1046875 0.3171875
0 0.69375 0.52578125 0.1109375 0.3125
0 0.76796875 0.55625 0.0953125 0.284375
0 0.82265625 0.540625 0.1046875 0.3203125
0 0.925 0.55234375 0.1203125 0.3359375
1 0.8953125 0.490625 0.075 0.1671875
1 0.7984375 0.47421875 0.0734375 0.159375
1 0.69921875 0.4578125 0.06875 0.159375
1 0.5984375 0.440625 0.0703125 0.159375
1 0.50546875 0.4265625 0.0734375 0.15625
1 0.4109375 0.41484375 0.071875 0.1625
1 0.31484375 0.40234375 0.071875 0.1640625
1 0.2234375 0.38828125 0.078125 0.1671875