0 0.10234375 0.67578125 0.1734375 0.403125
0 0.25078125 0.640625 0.1875 0.3984375
0 0.390625 0.6 0.1515625 0.3703125
0 0.5203125 0.56015625 0.1484375 0.359375
0 0.72109375 0.4921875 0.153125 0.3671875
0 0.8234375 0.47578125 0.14375 0.309375
0 0.93046875 0.43359375 0.1390625 0.3390625
1 0.0890625 0.55546875 0.1296875 0.2390625
1 0.23984375 0.5296875 0.11875 0.23125
1 0.36328125 0.490625 0.1046875 0.19375
1 0.484375 0.4703125 0.10625 0.20625
1 0.58671875 0.44609375 0.0984375 0.196875
1 0.690625 0.42265625 0.0890625 0.1796875
1 0.78046875 0.3984375 0.0828125 0.1796875
1 0.86171875 0.38125 0.08125 0.175