0 0.0765625 0.6046875 0.153125 0.4125
0 0.465625 0.53828125 0.1359375 0.334375
0 0.5859375 0.50234375 0.1203125 0.33125
0 0.69921875 0.4953125 0.115625 0.3046875
0 0.81328125 0.4609375 0.11875 0.325
0 0.93984375 0.41953125 0.1203125 0.3671875
1 0.2171875 0.4828125 0.1015625 0.2015625
1 0.33984375 0.4640625 0.1 0.203125
1 0.4515625 0.43359375 0.096875 0.1859375
1 0.565625 0.42421875 0.1 0.1859375
1 0.675 0.40390625 0.090625 0.1828125
1 0.78046875 0.38359375 0.0875 0.1859375
1 0.87265625 0.3703125 0.084375 0.1859375
1 0.08828125 0.50625 0.1109375 0.209375