0 0.8796875 0.6765625 0.14375 0.36875
0 0.75078125 0.6671875 0.125 0.3515625
0 0.6375 0.63359375 0.153125 0.434375
0 0.51171875 0.60234375 0.165625 0.4453125
0 0.38203125 0.60078125 0.1609375 0.421875
0 0.2421875 0.59140625 0.1640625 0.425
0 0.15546875 0.5828125 0.1578125 0.459375
0 0.05625 0.56640625 0.1125 0.4421875
1 0.1171875 0.45390625 0.115625 0.25
1 0.2625 0.471875 0.1140625 0.228125
1 0.39765625 0.4875 0.103125 0.196875
1 0.51953125 0.5125 0.0890625 0.1765625
1 0.63984375 0.5421875 0.096875 0.19375
1 0.75390625 0.5609375 0.0953125 0.1984375
1 0.865625 0.57890625 0.0953125 0.20625
1 0.96171875 0.60078125 0.0765625 0.1953125