0 0.07109375 0.45859375 0.1421875 0.3796875
0 0.2125 0.49609375 0.1359375 0.3578125
0 0.35390625 0.490625 0.1625 0.3984375
0 0.4828125 0.5375 0.1578125 0.3671875
0 0.725 0.5546875 0.1609375 0.4078125
0 0.90703125 0.603125 0.16875 0.3703125
1 0.10546875 0.353125 0.1234375 0.23125
1 0.24609375 0.38046875 0.109375 0.2234375
1 0.371875 0.40625 0.1046875 0.2125
1 0.49296875 0.434375 0.103125 0.203125
1 0.60390625 0.45546875 0.09375 0.203125
1 0.71640625 0.48046875 0.1 0.2
1 0.8140625 0.49921875 0.0890625 0.1890625
1 0.9203125 0.51796875 0.1015625 0.1890625