0 0.0953125 0.575 0.08046875 0.31328125
0 0.21015625 0.58046875 0.065625 0.33125
0 0.31484375 0.58828125 0.07109375 0.31796875
0 0.5640625 0.6015625 0.071875 0.3234375
1 0.67578125 0.515625 0.05546875 0.1828125
1 0.79453125 0.52421875 0.0578125 0.18125
1 0.91640625 0.53359375 0.05546875 0.1828125
1 0.56015625 0.5046875 0.05703125 0.16953125
1 0.45234375 0.50546875 0.04921875 0.18515625
1 0.34375 0.4984375 0.05390625 0.1703125
1 0.24140625 0.49453125 0.05390625 0.18046875
1 0.13359375 0.4875 0.05625 0.17421875