0 0.096875 0.60859375 0.1453125 0.384375
0 0.1359375 0.55859375 0.1125 0.31875
0 0.16015625 0.59140625 0.121875 0.3046875
0 0.21875 0.58984375 0.15625 0.375
0 0.31796875 0.58984375 0.1515625 0.375
0 0.4046875 0.63828125 0.1828125 0.4609375
0 0.51328125 0.58671875 0.1625 0.3734375
0 0.59296875 0.5546875 0.15625 0.365625
0 0.73671875 0.5765625 0.1984375 0.471875
0 0.92421875 0.51484375 0.1515625 0.4359375
0 0.63515625 0.52734375 0.1296875 0.3015625
0 0.7609375 0.51875 0.203125 0.4828125
0 0.90546875 0.46015625 0.171875 0.3953125
0 0.88359375 0.4328125 0.165625 0.365625
0 0.66484375 0.48046875 0.1171875 0.290625
0 0.5375 0.50234375 0.121875 0.325
0 0.46328125 0.49453125 0.1296875 0.2765625
0 0.4484375 0.48359375 0.115625 0.2796875
0 0.3765625 0.52578125 0.1515625 0.3421875
0 0.29296875 0.57265625 0.1078125 0.271875
1 0.23046875 0.46328125 0.071875 0.1453125
1 0.3046875 0.44609375 0.0703125 0.1453125
1 0.3796875 0.44140625 0.0765625 0.140625
1 0.4640625 0.41953125 0.0765625 0.146875
1 0.55234375 0.403125 0.0703125 0.1375
1 0.6453125 0.384375 0.0828125 0.15
1 0.753125 0.36328125 0.0859375 0.1515625
1 0.8671875 0.34609375 0.0890625 0.1484375