0 0.184375 0.6125 0.14375 0.3859375
0 0.32421875 0.58671875 0.1484375 0.4078125
0 0.57421875 0.53515625 0.1640625 0.4296875
0 0.83046875 0.53046875 0.15 0.3921875
0 0.8921875 0.49765625 0.1390625 0.4171875
1 0.06484375 0.52734375 0.1125 0.2171875
1 0.1953125 0.50859375 0.1078125 0.221875
1 0.31953125 0.49453125 0.1015625 0.2109375
1 0.4453125 0.475 0.090625 0.2171875
1 0.5671875 0.45703125 0.090625 0.2
1 0.69609375 0.4375 0.09375 0.2109375
1 0.82421875 0.41953125 0.0953125 0.2109375
1 0.9453125 0.4015625 0.0890625 0.2125