0 0.09765625 0.5859375 0.0765625 0.36171875
0 0.23359375 0.5890625 0.084375 0.34609375
0 0.3703125 0.56328125 0.08515625 0.390625
0 0.7390625 0.5625 0.090625 0.35859375
0 0.8265625 0.5640625 0.06796875 0.34609375
1 0.9328125 0.48515625 0.0515625 0.1765625
1 0.83125 0.48828125 0.05390625 0.1875
1 0.72890625 0.4859375 0.0609375 0.17890625
1 0.6125 0.48203125 0.0578125 0.19296875
1 0.5 0.48125 0.04921875 0.19765625
1 0.38046875 0.47109375 0.059375 0.18203125
1 0.25078125 0.48046875 0.0671875 0.18984375
1 0.1171875 0.4765625 0.078125 0.21484375