0 0.0828125 0.690625 0.165625 0.36875
0 0.30703125 0.59765625 0.1328125 0.2765625
0 0.42421875 0.57421875 0.13125 0.2890625
0 0.60078125 0.5171875 0.1390625 0.3109375
0 0.77265625 0.503125 0.1359375 0.2890625
0 0.8140625 0.4734375 0.1359375 0.303125
0 0.90234375 0.4890625 0.1953125 0.403125
0 0.9296875 0.44921875 0.140625 0.3390625
1 0.21171875 0.54765625 0.090625 0.1609375
1 0.30390625 0.52578125 0.0890625 0.165625
1 0.39453125 0.50625 0.0890625 0.1640625
1 0.48671875 0.484375 0.0859375 0.1625
1 0.575 0.45234375 0.084375 0.1484375
1 0.67265625 0.44375 0.0828125 0.159375
1 0.7671875 0.41328125 0.0828125 0.1546875
1 0.86484375 0.38125 0.0890625 0.146875