1 0.08203125 0.49609375 0.07578125 0.2421875
1 0.23359375 0.496875 0.0703125 0.2140625
1 0.3671875 0.50625 0.0625 0.21328125
1 0.49375 0.509375 0.06328125 0.196875
1 0.60546875 0.50625 0.05390625 0.19453125
1 0.709375 0.515625 0.04296875 0.18125
1 0.80390625 0.515625 0.05078125 0.1734375
1 0.89453125 0.51015625 0.04375 0.15390625
0 0.05234375 0.609375 0.1046875 0.4375
0 0.22109375 0.61875 0.109375 0.41953125
0 0.51015625 0.609375 0.07421875 0.36953125
0 0.8546875 0.58984375 0.09609375 0.33515625
0 0.95546875 0.59140625 0.0890625 0.3765625