1 0.46640625 0.478125 0.0640625 0.2046875
1 0.57109375 0.4734375 0.0484375 0.1984375
1 0.66015625 0.47421875 0.0421875 0.17890625
1 0.7359375 0.47265625 0.03984375 0.16953125
1 0.80390625 0.47265625 0.04296875 0.1546875
1 0.86640625 0.46953125 0.0328125 0.134375
1 0.34609375 0.47734375 0.0703125 0.225
1 0.19453125 0.45 0.0828125 0.17890625
0 0.171875 0.6046875 0.1078125 0.46328125
0 0.23671875 0.6484375 0.11640625 0.5296875
0 0.36484375 0.584375 0.09765625 0.396875
0 0.4953125 0.57890625 0.0640625 0.36953125
0 0.6171875 0.57265625 0.09453125 0.36875
0 0.709375 0.565625 0.08671875 0.37265625
0 0.80703125 0.53828125 0.07890625 0.33046875
0 0.84609375 0.53359375 0.05234375 0.32578125