1 0.171875 0.41640625 0.146875 0.3640625
1 0.36640625 0.425 0.109375 0.3125
1 0.51640625 0.4421875 0.090625 0.2734375
1 0.63046875 0.4359375 0.0765625 0.203125
1 0.71484375 0.43203125 0.0828125 0.1859375
1 0.78515625 0.425 0.0578125 0.159375
0 0.31796875 0.59296875 0.1328125 0.5578125
0 0.4671875 0.584375 0.134375 0.49375
0 0.5484375 0.56875 0.096875 0.4546875
0 0.63515625 0.5328125 0.1015625 0.4140625
0 0.72421875 0.55390625 0.10625 0.5015625
0 0.78515625 0.51171875 0.0890625 0.4390625
0 0.84296875 0.51328125 0.08125 0.34375
0 0.89609375 0.5125 0.09375 0.3109375
1 0.8421875 0.421875 0.04375 0.1390625