1 0.096875 0.4984375 0.0859375 0.203125
1 0.2265625 0.4765625 0.0796875 0.1984375
1 0.34765625 0.46328125 0.0765625 0.1875
1 0.4578125 0.44609375 0.0703125 0.18125
1 0.56328125 0.4265625 0.0671875 0.171875
1 0.66875 0.40546875 0.0703125 0.16875
1 0.76171875 0.39609375 0.065625 0.1625
1 0.853125 0.38046875 0.065625 0.1578125
0 0.0734375 0.584375 0.146875 0.425
0 0.17421875 0.5921875 0.1265625 0.3875
0 0.4734375 0.509375 0.121875 0.36875
0 0.7 0.46875 0.1140625 0.346875
0 0.91640625 0.43671875 0.1171875 0.3453125