0 0.30078125 0.61171875 0.078125 0.32265625
0 0.0765625 0.59296875 0.078125 0.3203125
0 0.446875 0.628125 0.0671875 0.38671875
0 0.5609375 0.65859375 0.10390625 0.4484375
1 0.12421875 0.51015625 0.05625 0.16015625
1 0.22890625 0.51875 0.0515625 0.16875
1 0.33515625 0.521875 0.0625 0.175
1 0.4484375 0.515625 0.06015625 0.16953125
1 0.55546875 0.51953125 0.06328125 0.1640625
1 0.66640625 0.53515625 0.0609375 0.18828125
1 0.7875 0.53984375 0.05234375 0.1796875
1 0.90078125 0.5453125 0.06484375 0.18203125