0 0.05546875 0.6359375 0.09296875 0.409375
0 0.28203125 0.621875 0.078125 0.39375
0 0.37265625 0.61015625 0.06796875 0.36640625
0 0.49296875 0.5953125 0.0765625 0.37109375
0 0.53828125 0.59765625 0.08125 0.4234375
0 0.63046875 0.5640625 0.1125 0.40546875
0 0.7359375 0.571875 0.078125 0.359375
0 0.83203125 0.5703125 0.0703125 0.33046875
0 0.9390625 0.55546875 0.08515625 0.32578125
1 0.07890625 0.50859375 0.08671875 0.23046875
1 0.2359375 0.50859375 0.08046875 0.21796875
1 0.37421875 0.51015625 0.0640625 0.209375
1 0.4953125 0.50078125 0.06875 0.19453125
1 0.6015625 0.4953125 0.06171875 0.2
1 0.7078125 0.49609375 0.0484375 0.18203125
1 0.79921875 0.490625 0.04921875 0.175
1 0.88125 0.48984375 0.04921875 0.1609375