1 0.125 0.50625 0.10703125 0.31328125
1 0.31484375 0.475 0.07578125 0.20546875
1 0.45234375 0.50078125 0.07109375 0.24453125
1 0.559375 0.49140625 0.0546875 0.21015625
1 0.6484375 0.48984375 0.05 0.19375
1 0.725 0.48125 0.0421875 0.17265625
1 0.79453125 0.48203125 0.0328125 0.1515625
1 0.8421875 0.48125 0.02421875 0.1453125
0 0.32890625 0.640625 0.1484375 0.54609375
0 0.4875 0.6671875 0.090625 0.51328125
0 0.5171875 0.60078125 0.0671875 0.4234375
0 0.61640625 0.6296875 0.09140625 0.43671875
0 0.7390625 0.56796875 0.084375 0.35859375
0 0.79921875 0.55390625 0.05390625 0.3796875