0 0.0671875 0.58046875 0.1265625 0.45234375
1 0.26171875 0.4765625 0.06328125 0.21328125
1 0.115625 0.475 0.0828125 0.215625
1 0.38984375 0.4796875 0.059375 0.203125
1 0.50703125 0.4765625 0.059375 0.19296875
1 0.6140625 0.48515625 0.0578125 0.18671875
1 0.72265625 0.4859375 0.05390625 0.17578125
1 0.8171875 0.4875 0.04765625 0.175
1 0.90625 0.48984375 0.04765625 0.17109375
0 0.51328125 0.58828125 0.07578125 0.33359375
0 0.7359375 0.5828125 0.06953125 0.30546875
0 0.8546875 0.5828125 0.06796875 0.29609375
0 0.96328125 0.5578125 0.0734375 0.34609375