1 0.1328125 0.53671875 0.08125 0.1765625
1 0.22890625 0.528125 0.0796875 0.1828125
1 0.32734375 0.51875 0.0859375 0.19375
1 0.43359375 0.50703125 0.0828125 0.190625
1 0.5453125 0.49375 0.084375 0.2046875
1 0.6640625 0.478125 0.0921875 0.2078125
1 0.79765625 0.4640625 0.0890625 0.2125
1 0.93359375 0.45078125 0.0984375 0.2203125
0 0.09765625 0.62734375 0.13125 0.3296875
0 0.18984375 0.6296875 0.1140625 0.3484375
0 0.3078125 0.6109375 0.1109375 0.3359375
0 0.4421875 0.60625 0.1140625 0.4015625
0 0.5171875 0.60703125 0.1421875 0.4296875
0 0.5671875 0.5890625 0.10625 0.3546875