0 0.159375 0.51953125 0.1671875 0.4046875
0 0.2296875 0.6203125 0.2265625 0.50625
0 0.30625 0.56875 0.159375 0.3625
0 0.409375 0.58515625 0.1640625 0.390625
0 0.59140625 0.6234375 0.2109375 0.475
0 0.76328125 0.6921875 0.2453125 0.5453125
1 0.2515625 0.453125 0.1140625 0.203125
1 0.35703125 0.484375 0.109375 0.2078125
1 0.4765625 0.51328125 0.1140625 0.2296875
1 0.60078125 0.54140625 0.1234375 0.2234375
1 0.734375 0.58359375 0.134375 0.240625
1 0.88359375 0.625 0.1375 0.2453125
1 0.1484375 0.42578125 0.109375 0.2015625