1 0.1359375 0.4734375 0.06171875 0.17734375
1 0.2390625 0.48046875 0.06328125 0.17890625
1 0.346875 0.484375 0.05703125 0.178125
1 0.4546875 0.48828125 0.05546875 0.18046875
1 0.56484375 0.48828125 0.0578125 0.18984375
1 0.68515625 0.490625 0.06484375 0.18515625
1 0.81171875 0.496875 0.0671875 0.1859375
1 0.94375 0.5 0.06953125 0.2046875
0 0.10859375 0.5671875 0.06015625 0.3046875
0 0.21328125 0.57578125 0.09453125 0.3
0 0.31640625 0.5546875 0.084375 0.359375
0 0.6890625 0.5625 0.09453125 0.4140625
0 0.80390625 0.57734375 0.078125 0.38046875