0 0.14296875 0.5828125 0.171875 0.559375
0 0.328125 0.58828125 0.134375 0.49375
0 0.47421875 0.62421875 0.0984375 0.453125
0 0.53515625 0.64765625 0.153125 0.5171875
0 0.58984375 0.5390625 0.09375 0.3625
0 0.73046875 0.52890625 0.0984375 0.41875
0 0.84296875 0.52109375 0.090625 0.4015625
1 0.92734375 0.446875 0.046875 0.159375
1 0.853125 0.4484375 0.05625 0.171875
1 0.7703125 0.45390625 0.0578125 0.1828125
1 0.67890625 0.45625 0.059375 0.190625
1 0.5734375 0.4609375 0.0640625 0.196875
1 0.4578125 0.46171875 0.071875 0.2046875
1 0.32109375 0.471875 0.08125 0.228125
1 0.153125 0.4796875 0.10625 0.2625