1 0.13515625 0.51171875 0.0796875 0.1828125
1 0.23828125 0.5078125 0.08125 0.184375
1 0.34609375 0.50078125 0.075 0.1828125
1 0.45390625 0.49296875 0.0734375 0.1859375
1 0.56328125 0.48125 0.0765625 0.1953125
1 0.6828125 0.47109375 0.084375 0.190625
1 0.809375 0.4640625 0.0859375 0.1921875
1 0.94140625 0.45390625 0.090625 0.2109375
0 0.11796875 0.6078125 0.0921875 0.309375
0 0.22265625 0.60546875 0.125 0.3078125
0 0.3234375 0.5734375 0.121875 0.365625
0 0.69453125 0.5421875 0.1375 0.421875
0 0.81015625 0.5453125 0.1171875 0.3859375