1 0.1625 0.47421875 0.171875 0.3703125
1 0.35546875 0.44921875 0.13125 0.3171875
1 0.50625 0.43984375 0.109375 0.278125
1 0.6171875 0.4140625 0.0890625 0.20625
1 0.7 0.39609375 0.09375 0.190625
1 0.7671875 0.3765625 0.06875 0.1609375
0 0.3375 0.6234375 0.171875 0.5625
0 0.4828125 0.5890625 0.1671875 0.4984375
0 0.56015625 0.559375 0.1265625 0.45625
0 0.6390625 0.50859375 0.1296875 0.4171875
0 0.7296875 0.5140625 0.140625 0.5046875
0 0.7828125 0.4625 0.11875 0.440625
0 0.83984375 0.45390625 0.1046875 0.346875
0 0.8921875 0.44296875 0.1140625 0.3140625
1 0.8234375 0.36328125 0.053125 0.140625