0 0.07734375 0.540625 0.1515625 0.4859375
0 0.240625 0.54296875 0.1484375 0.4671875
0 0.3890625 0.58359375 0.125 0.3734375
0 0.515625 0.603125 0.1109375 0.359375
0 0.75078125 0.62734375 0.115625 0.3265625
0 0.89453125 0.640625 0.090625 0.30625
1 0.11875 0.4390625 0.1 0.23125
1 0.265625 0.4546875 0.0890625 0.2265625
1 0.40234375 0.459375 0.0828125 0.190625
1 0.52109375 0.48984375 0.0796875 0.2046875
1 0.634375 0.5078125 0.0734375 0.1953125
1 0.74375 0.521875 0.0703125 0.1921875
1 0.84375 0.5359375 0.065625 0.1890625
1 0.93203125 0.54609375 0.071875 0.1859375