0 0.04375 0.5390625 0.0875 0.35
0 0.05703125 0.5171875 0.09375 0.3421875
0 0.14140625 0.52890625 0.10625 0.3203125
0 0.24375 0.5359375 0.10625 0.3328125
0 0.35390625 0.55 0.1 0.309375
0 0.64453125 0.5796875 0.0984375 0.2859375
1 0.13984375 0.4484375 0.0703125 0.175
1 0.2515625 0.45703125 0.0734375 0.16875
1 0.35234375 0.4671875 0.071875 0.159375
1 0.44921875 0.48515625 0.0625 0.165625
1 0.5484375 0.4921875 0.0609375 0.1609375
1 0.640625 0.50390625 0.0625 0.1640625
1 0.73125 0.5125 0.0578125 0.1609375
1 0.82109375 0.5234375 0.05625 0.153125
0 0.84609375 0.59921875 0.0828125 0.3109375
0 0.9125 0.60390625 0.1125 0.3609375