0 0.10703125 0.55546875 0.084375 0.35
0 0.209375 0.51953125 0.0625 0.2421875
0 0.23984375 0.52734375 0.0734375 0.3171875
0 0.309375 0.546875 0.06875 0.28125
0 0.365625 0.52578125 0.0640625 0.25625
0 0.42265625 0.540625 0.0625 0.3109375
0 0.4828125 0.56875 0.0953125 0.3578125
0 0.553125 0.52890625 0.084375 0.29375
0 0.6375 0.55390625 0.0921875 0.3609375
0 0.6578125 0.53203125 0.0703125 0.3078125
0 0.775 0.5296875 0.090625 0.3453125
1 0.24296875 0.46640625 0.0484375 0.1484375
1 0.31484375 0.45703125 0.0453125 0.1484375
1 0.39140625 0.4578125 0.05 0.1484375
1 0.47421875 0.459375 0.05625 0.1578125
1 0.56328125 0.45859375 0.0546875 0.165625
1 0.66171875 0.4578125 0.059375 0.1734375
1 0.77109375 0.45234375 0.065625 0.1734375
1 0.890625 0.44921875 0.0703125 0.171875
0 0.90234375 0.54140625 0.10625 0.353125
0 0.28984375 0.52265625 0.0578125 0.253125