0 0.04375 0.575 0.08359375 0.35859375
0 0.28828125 0.54453125 0.06484375 0.26875
0 0.4078125 0.55234375 0.059375 0.2828125
0 0.59296875 0.54296875 0.0625 0.3046875
0 0.7625 0.5734375 0.065625 0.28125
0 0.81015625 0.55546875 0.0609375 0.296875
0 0.8953125 0.59453125 0.10390625 0.38984375
0 0.93671875 0.5640625 0.0734375 0.33203125
1 0.209375 0.47109375 0.05234375 0.15234375
1 0.30390625 0.47421875 0.05 0.1578125
1 0.39609375 0.47890625 0.05078125 0.15546875
1 0.49140625 0.48125 0.04765625 0.15625
1 0.584375 0.4734375 0.04921875 0.13984375
1 0.68125 0.490625 0.0453125 0.15234375
1 0.78046875 0.48515625 0.04609375 0.1484375
1 0.8828125 0.4796875 0.0546875 0.1375