0 0.11953125 0.6890625 0.221875 0.4875
0 0.2734375 0.6328125 0.2171875 0.4703125
0 0.4265625 0.61796875 0.1796875 0.3765625
0 0.5515625 0.590625 0.1640625 0.3609375
0 0.7796875 0.5296875 0.1625 0.3296875
0 0.91875 0.48984375 0.1359375 0.3078125
1 0.121875 0.5796875 0.1328125 0.2359375
1 0.265625 0.5421875 0.121875 0.2296875
1 0.39375 0.496875 0.109375 0.1953125
1 0.515625 0.4828125 0.109375 0.2078125
1 0.628125 0.459375 0.1015625 0.1984375
1 0.73515625 0.4328125 0.0984375 0.1953125
1 0.83359375 0.4109375 0.09375 0.1921875
1 0.91953125 0.38828125 0.0984375 0.1890625