0 0.07421875 0.490625 0.1484375 0.403125
0 0.21484375 0.52265625 0.18125 0.396875
0 0.35859375 0.54453125 0.1453125 0.3703125
0 0.49296875 0.56328125 0.14375 0.359375
0 0.70390625 0.58671875 0.146875 0.3671875
0 0.803125 0.61484375 0.1390625 0.309375
0 0.92265625 0.625 0.1421875 0.3390625
1 0.10390625 0.3765625 0.1265625 0.2390625
1 0.2515625 0.4171875 0.1140625 0.2296875
1 0.3796875 0.43359375 0.103125 0.19375
1 0.4984375 0.46640625 0.103125 0.20625
1 0.6015625 0.48828125 0.0953125 0.196875
1 0.70546875 0.51015625 0.0859375 0.1796875
1 0.796875 0.5265625 0.08125 0.1796875
1 0.878125 0.5453125 0.078125 0.175