0 0.04609375 0.55 0.0921875 0.45
0 0.2 0.4953125 0.08046875 0.3453125
0 0.3125 0.5125 0.06484375 0.315625
0 0.421875 0.521875 0.078125 0.296875
0 0.89375 0.52421875 0.0765625 0.30078125
1 0.21953125 0.43671875 0.06328125 0.16953125
1 0.3234375 0.43203125 0.06171875 0.1765625
1 0.43046875 0.43203125 0.0578125 0.1734375
1 0.5375 0.434375 0.053125 0.17265625
1 0.6421875 0.43203125 0.05390625 0.1734375
1 0.7578125 0.43203125 0.053125 0.1734375
1 0.8703125 0.42890625 0.06328125 0.17578125
1 0.975 0.42890625 0.05 0.1859375