0 0.06875 0.5421875 0.07734375 0.37109375
0 0.2171875 0.55078125 0.06953125 0.3515625
0 0.3546875 0.51875 0.08984375 0.3890625
0 0.48984375 0.53984375 0.090625 0.35703125
0 0.73125 0.5109375 0.08671875 0.39921875
0 0.91953125 0.5234375 0.103125 0.3578125
1 0.084375 0.43125 0.0828125 0.21953125
1 0.228125 0.43125 0.0703125 0.2140625
1 0.35625 0.4328125 0.0671875 0.20390625
1 0.48046875 0.43671875 0.0671875 0.19453125
1 0.59375 0.43671875 0.05703125 0.1953125
1 0.70859375 0.43984375 0.06484375 0.19140625
1 0.8078125 0.4390625 0.0546875 0.18203125
1 0.91640625 0.4375 0.06796875 0.17890625