0 0.06484375 0.6203125 0.12890625 0.48984375
0 0.5359375 0.60859375 0.0734375 0.37421875
0 0.78515625 0.60703125 0.0609375 0.33203125
0 0.97578125 0.60234375 0.0484375 0.31015625
1 0.0921875 0.49765625 0.09609375 0.23984375
1 0.2609375 0.5015625 0.0671875 0.23046875
1 0.39921875 0.50078125 0.065625 0.215625
1 0.5296875 0.50234375 0.06015625 0.20625
1 0.65 0.4984375 0.053125 0.20234375
1 0.7625 0.496875 0.05234375 0.19609375
1 0.86484375 0.49453125 0.05078125 0.19140625
1 0.9625 0.49296875 0.05390625 0.18203125