1 0.13203125 0.428125 0.1703125 0.328125
1 0.32421875 0.43671875 0.1171875 0.2171875
1 0.453125 0.490625 0.1203125 0.2546875
1 0.56015625 0.50390625 0.096875 0.2171875
1 0.64765625 0.52109375 0.0890625 0.2
1 0.72421875 0.528125 0.0765625 0.178125
1 0.7921875 0.54375 0.0640625 0.1546875
1 0.83828125 0.553125 0.053125 0.146875
0 0.303125 0.60234375 0.259375 0.565625
0 0.453125 0.6609375 0.1953125 0.5203125
0 0.49609375 0.60234375 0.153125 0.428125
0 0.58671875 0.65078125 0.1796875 0.446875
0 0.71953125 0.61640625 0.1578125 0.36875
0 0.78125 0.61484375 0.13125 0.3828125