1 0.18984375 0.4234375 0.1421875 0.3234375
1 0.37890625 0.4265625 0.1125 0.271875
1 0.51171875 0.44375 0.0859375 0.240625
1 0.6265625 0.44375 0.075 0.2125
1 0.7125 0.45390625 0.065625 0.190625
1 0.78828125 0.45859375 0.0625 0.190625
1 0.85234375 0.453125 0.0609375 0.15625
1 0.90390625 0.4625 0.059375 0.1515625
0 0.1953125 0.578125 0.221875 0.66875
0 0.66171875 0.56171875 0.1125 0.3984375
0 0.8234375 0.55703125 0.090625 0.309375
0 0.896875 0.54921875 0.08125 0.2890625
0 0.95703125 0.521875 0.0859375 0.31875