1 0.13671875 0.43984375 0.03984375 0.14765625
1 0.19609375 0.44375 0.05078125 0.1609375
1 0.26484375 0.44453125 0.05 0.1671875
1 0.3421875 0.4484375 0.0578125 0.18984375
1 0.434375 0.45390625 0.0609375 0.21171875
1 0.55078125 0.45859375 0.07109375 0.23203125
1 0.69296875 0.4640625 0.08203125 0.2640625
1 0.8734375 0.47421875 0.1 0.296875
0 0.046875 0.50390625 0.07578125 0.28828125
0 0.2796875 0.54453125 0.071875 0.3359375
0 0.4875 0.5828125 0.103125 0.39375
0 0.65390625 0.60625 0.10859375 0.465625