0 0.0453125 0.60078125 0.090625 0.353125
0 0.17265625 0.596875 0.1015625 0.3375
0 0.30625 0.59140625 0.08203125 0.346875
0 0.440625 0.57109375 0.0984375 0.3703125
0 0.5609375 0.54609375 0.0921875 0.41640625
0 0.675 0.553125 0.0875 0.3859375
0 0.8109375 0.55546875 0.0953125 0.35
0 0.959375 0.534375 0.08046875 0.38359375
1 0.0828125 0.50078125 0.075 0.19375
1 0.20703125 0.49296875 0.0703125 0.19921875
1 0.32734375 0.4875 0.07265625 0.19921875
1 0.44453125 0.484375 0.065625 0.18359375
1 0.56484375 0.47890625 0.06015625 0.18203125
1 0.67734375 0.4640625 0.0640625 0.175
1 0.79765625 0.46796875 0.065625 0.17421875
1 0.9109375 0.45703125 0.0640625 0.1984375