1 0.07109375 0.44375 0.134375 0.29375
1 0.25546875 0.44921875 0.1046875 0.246875
1 0.4140625 0.45546875 0.090625 0.246875
1 0.52734375 0.45859375 0.0796875 0.2203125
1 0.6375 0.4578125 0.084375 0.203125
1 0.7328125 0.46171875 0.06875 0.1890625
1 0.80703125 0.46953125 0.05 0.1734375
1 0.87109375 0.4640625 0.0578125 0.1640625
0 0.421875 0.55859375 0.146875 0.4515625
0 0.55625 0.5703125 0.1 0.3734375
0 0.66328125 0.55078125 0.090625 0.35
0 0.75625 0.55 0.0796875 0.3375
0 0.85 0.546875 0.0796875 0.3140625
0 0.9546875 0.5421875 0.090625 0.31875