0 0.05546875 0.53515625 0.1109375 0.4046875
0 0.459375 0.5328125 0.0859375 0.328125
0 0.584375 0.515625 0.0703125 0.328125
0 0.696875 0.5265625 0.0703125 0.3015625
0 0.815625 0.51015625 0.0703125 0.3203125
0 0.95703125 0.49140625 0.0859375 0.3609375
1 0.2234375 0.43828125 0.071875 0.1953125
1 0.346875 0.43984375 0.0703125 0.196875
1 0.4625 0.42734375 0.0703125 0.1796875
1 0.5765625 0.4359375 0.0734375 0.178125
1 0.6875 0.4328125 0.0640625 0.1765625
1 0.7953125 0.42890625 0.0609375 0.18125
1 0.88828125 0.43046875 0.0578125 0.18125
1 0.0921875 0.44140625 0.08125 0.2015625