1 0.08203125 0.51796875 0.0890625 0.2453125
1 0.23359375 0.5109375 0.08125 0.2171875
1 0.36796875 0.51328125 0.0734375 0.215625
1 0.49453125 0.509375 0.0734375 0.2
1 0.60546875 0.50078125 0.0640625 0.196875
1 0.71015625 0.5046875 0.053125 0.1828125
1 0.8046875 0.5 0.059375 0.1765625
1 0.89453125 0.48984375 0.0515625 0.15625
0 0.0609375 0.63203125 0.121875 0.4421875
0 0.22734375 0.6328125 0.13125 0.425
0 0.515625 0.60859375 0.09375 0.3734375
0 0.85859375 0.57109375 0.1140625 0.3390625
0 0.95234375 0.5671875 0.0953125 0.38125