1 0.2171875 0.5203125 0.0640625 0.14375
1 0.28828125 0.5359375 0.065625 0.14375
1 0.3609375 0.55546875 0.0640625 0.1546875
1 0.440625 0.57421875 0.0640625 0.1515625
1 0.5296875 0.59765625 0.06875 0.165625
1 0.6234375 0.62265625 0.0765625 0.1671875
1 0.73515625 0.6421875 0.078125 0.1671875
1 0.85234375 0.665625 0.084375 0.1671875
0 0.07578125 0.56171875 0.121875 0.3140625
0 0.19375 0.48046875 0.0640625 0.121875
0 0.178125 0.67109375 0.1703125 0.446875
0 0.24453125 0.5859375 0.0828125 0.25625
0 0.84140625 0.74765625 0.1375 0.384375
0 0.70390625 0.73203125 0.1359375 0.353125
0 0.60234375 0.69375 0.1265625 0.3359375
0 0.5078125 0.65859375 0.1171875 0.3265625
0 0.4484375 0.671875 0.14375 0.384375
0 0.3953125 0.62265625 0.1140625 0.3109375
0 0.29296875 0.63671875 0.1484375 0.3765625