0 0.0890625 0.603125 0.06796875 0.31640625
0 0.32734375 0.58203125 0.08828125 0.38046875
0 0.55390625 0.58671875 0.10390625 0.4390625
0 0.9078125 0.60703125 0.1453125 0.553125
1 0.9015625 0.47734375 0.0890625 0.25703125
1 0.73828125 0.49296875 0.07265625 0.2296875
1 0.59609375 0.49609375 0.05703125 0.21328125
1 0.47109375 0.50234375 0.0578125 0.196875
1 0.3703125 0.50625 0.04609375 0.1921875
1 0.26953125 0.5140625 0.04296875 0.171875
1 0.19140625 0.51484375 0.053125 0.1671875
1 0.11796875 0.515625 0.04453125 0.15546875