0 0.18203125 0.59296875 0.12421875 0.6375
0 0.3953125 0.53359375 0.10078125 0.5546875
0 0.6515625 0.51171875 0.0609375 0.3921875
0 0.73984375 0.4953125 0.0546875 0.34609375
0 0.8734375 0.47265625 0.046875 0.28984375
1 0.15703125 0.4203125 0.096875 0.35
1 0.34921875 0.4078125 0.075 0.28046875
1 0.48671875 0.4078125 0.0578125 0.2390625
1 0.590625 0.40546875 0.05234375 0.2109375
1 0.68359375 0.396875 0.03671875 0.19140625
1 0.75546875 0.39609375 0.046875 0.17109375
1 0.81328125 0.39140625 0.03828125 0.16328125
1 0.86875 0.3765625 0.0328125 0.13359375