0 0.18203125 0.59296875 0.125 0.6375
0 0.3953125 0.53359375 0.1 0.5546875
0 0.6515625 0.51171875 0.0609375 0.3921875
0 0.73984375 0.4953125 0.0546875 0.346875
0 0.8734375 0.47265625 0.046875 0.290625
1 0.15703125 0.4203125 0.096875 0.35
1 0.34921875 0.4078125 0.075 0.28125
1 0.48671875 0.4078125 0.0578125 0.2390625
1 0.590625 0.40546875 0.053125 0.2109375
1 0.68359375 0.396875 0.0375 0.190625
1 0.75546875 0.39609375 0.046875 0.171875
1 0.81328125 0.39140625 0.0375 0.1625
1 0.86875 0.3765625 0.0328125 0.134375