1 0.24375 0.6203125 0.0625 0.14375
1 0.315625 0.609375 0.0640625 0.14375
1 0.390625 0.6015625 0.0625 0.1546875
1 0.471875 0.590625 0.0609375 0.1515625
1 0.5625 0.58046875 0.0671875 0.165625
1 0.659375 0.5703125 0.075 0.1671875
1 0.7703125 0.5484375 0.0765625 0.165625
1 0.88828125 0.528125 0.08125 0.1671875
0 0.12578125 0.709375 0.1171875 0.3140625
0 0.20703125 0.59140625 0.0625 0.121875
0 0.2609375 0.77578125 0.1625 0.446875
0 0.2921875 0.671875 0.078125 0.25625
0 0.90703125 0.609375 0.13125 0.384375
0 0.7734375 0.64375 0.1296875 0.353125
0 0.66484375 0.64375 0.121875 0.3359375
0 0.56328125 0.6453125 0.1125 0.3265625
0 0.51328125 0.6796875 0.1375 0.384375
0 0.44609375 0.65234375 0.1078125 0.3109375
0 0.35546875 0.7015625 0.1421875 0.3765625