0 0.16875 0.5078125 0.284375 0.6484375
0 0.38984375 0.50546875 0.240625 0.5625
0 0.64375 0.55078125 0.1609375 0.3953125
0 0.7328125 0.5578125 0.1421875 0.3484375
0 0.86796875 0.5703125 0.1203125 0.2921875
1 0.1890625 0.334375 0.184375 0.3625
1 0.378125 0.371875 0.1453125 0.290625
1 0.5109375 0.4078125 0.1171875 0.2453125
1 0.61171875 0.43203125 0.1046875 0.2171875
1 0.70390625 0.44765625 0.084375 0.19375
1 0.7734375 0.465625 0.0890625 0.178125
1 0.83046875 0.4765625 0.0796875 0.1671875
1 0.88828125 0.4765625 0.065625 0.1375