1 0.2265625 0.57421875 0.03828125 0.1390625
1 0.29921875 0.57578125 0.03984375 0.1390625
1 0.37421875 0.58125 0.03671875 0.15
1 0.45625 0.584375 0.03671875 0.146875
1 0.54765625 0.58984375 0.0390625 0.1609375
1 0.64453125 0.596875 0.046875 0.16171875
1 0.7578125 0.59453125 0.04921875 0.16015625
1 0.87734375 0.5953125 0.0546875 0.16015625
0 0.0953125 0.64140625 0.0640625 0.3078125
0 0.1953125 0.5390625 0.04296875 0.11640625
0 0.21640625 0.7296875 0.08828125 0.43828125
0 0.265625 0.6328125 0.034375 0.2546875
0 0.88203125 0.678125 0.06640625 0.37890625
0 0.74453125 0.6890625 0.07109375 0.34609375
0 0.6375 0.6703125 0.065625 0.3296875
0 0.5375 0.65390625 0.05703125 0.321875
0 0.48203125 0.67890625 0.0734375 0.3765625
0 0.4203125 0.640625 0.05625 0.30625
0 0.32265625 0.6734375 0.0796875 0.36875