0 0.07421875 0.52734375 0.1265625 0.4375
0 0.2421875 0.5203125 0.121875 0.4234375
0 0.51171875 0.5453125 0.1171875 0.3578125
0 0.8109375 0.5375 0.0890625 0.3171875
0 0.9171875 0.5375 0.1 0.309375
1 0.8671875 0.4703125 0.053125 0.1671875
1 0.7828125 0.4640625 0.05625 0.159375
1 0.696875 0.45859375 0.0609375 0.178125
1 0.6 0.4515625 0.0671875 0.178125
1 0.5 0.4453125 0.0703125 0.1953125
1 0.384375 0.43671875 0.075 0.2015625
1 0.2515625 0.42578125 0.0890625 0.2171875
1 0.0984375 0.41015625 0.0984375 0.21875