1 0.75234375 0.59453125 0.0609375 0.140625
1 0.6828125 0.57734375 0.0546875 0.1453125
1 0.61171875 0.56328125 0.0609375 0.153125
1 0.52890625 0.54453125 0.0703125 0.1609375
1 0.44140625 0.5296875 0.0765625 0.165625
1 0.34140625 0.50625 0.0828125 0.1765625
1 0.2328125 0.47734375 0.084375 0.178125
1 0.1015625 0.46015625 0.0796875 0.2015625
0 0.06875 0.54453125 0.1375 0.4015625
0 0.55078125 0.62109375 0.125 0.3203125
0 0.70078125 0.64296875 0.096875 0.278125
0 0.76875 0.65546875 0.0890625 0.2671875
0 0.21015625 0.5625 0.1453125 0.3796875
0 0.43671875 0.6125 0.1125 0.3109375