0 0.07421875 0.5203125 0.1328125 0.4375
0 0.2421875 0.515625 0.1296875 0.4234375
0 0.5109375 0.5453125 0.121875 0.3578125
0 0.81015625 0.54296875 0.0953125 0.3171875
0 0.91640625 0.5453125 0.10625 0.309375
1 0.8671875 0.4765625 0.05625 0.1671875
1 0.78359375 0.46875 0.059375 0.1609375
1 0.69765625 0.4625 0.0640625 0.1796875
1 0.60078125 0.453125 0.0703125 0.1796875
1 0.50078125 0.4453125 0.0734375 0.1953125
1 0.3859375 0.43515625 0.078125 0.203125
1 0.253125 0.42109375 0.09375 0.21875
1 0.1 0.403125 0.1015625 0.2203125