1 0.10234375 0.45546875 0.0921875 0.2140625
1 0.23671875 0.43828125 0.0859375 0.2078125
1 0.36328125 0.42109375 0.08125 0.190625
1 0.4765625 0.4046875 0.0765625 0.190625
1 0.58046875 0.38671875 0.0703125 0.178125
1 0.68359375 0.3734375 0.0609375 0.1640625
1 0.77578125 0.35703125 0.065625 0.165625
0 0.090625 0.559375 0.121875 0.3953125
0 0.6796875 0.4578125 0.109375 0.34375
0 0.91328125 0.40859375 0.078125 0.3046875
0 0.85703125 0.42734375 0.1484375 0.4390625
0 0.215625 0.534375 0.1421875 0.45625
0 0.25625 0.52265625 0.1125 0.38125