1 0.1140625 0.39375 0.075 0.209375
1 0.24921875 0.39765625 0.06875 0.2046875
1 0.37734375 0.4 0.065625 0.1859375
1 0.49140625 0.40234375 0.0609375 0.1875
1 0.596875 0.40078125 0.05625 0.175
1 0.70078125 0.40390625 0.046875 0.1625
1 0.7953125 0.4015625 0.053125 0.1625
0 0.08671875 0.4953125 0.0875 0.3921875
0 0.684375 0.4859375 0.0796875 0.340625
0 0.921875 0.47421875 0.0515625 0.303125
0 0.8640625 0.48359375 0.1109375 0.4328125
0 0.21328125 0.4890625 0.103125 0.4515625
0 0.25625 0.484375 0.08125 0.378125