0 0.07734375 0.55703125 0.09609375 0.43125
0 0.24453125 0.53828125 0.09296875 0.4171875
0 0.51484375 0.54453125 0.0921875 0.3515625
0 0.8125 0.515625 0.06796875 0.3125
0 0.91875 0.50859375 0.0796875 0.30390625
1 0.8640625 0.44453125 0.0421875 0.1640625
1 0.7796875 0.44453125 0.04609375 0.15703125
1 0.69375 0.4453125 0.0484375 0.17578125
1 0.59609375 0.44453125 0.0546875 0.175
1 0.49609375 0.4453125 0.05703125 0.19140625
1 0.38046875 0.4453125 0.06171875 0.1984375
1 0.246875 0.44296875 0.075 0.2125
1 0.09296875 0.43828125 0.08359375 0.21328125