1 0.76171875 0.56328125 0.0453125 0.1390625
1 0.69140625 0.5546875 0.0390625 0.1421875
1 0.61875 0.54921875 0.0421875 0.1515625
1 0.53359375 0.540625 0.053125 0.1578125
1 0.4453125 0.5359375 0.0578125 0.1625
1 0.34296875 0.52578125 0.0625 0.171875
1 0.23203125 0.51015625 0.065625 0.1734375
1 0.1 0.50859375 0.0578125 0.1984375
0 0.0640625 0.5984375 0.11875 0.39375
0 0.56484375 0.6140625 0.0875 0.315625
0 0.71640625 0.61796875 0.065625 0.275
0 0.78515625 0.62109375 0.0578125 0.265625
0 0.21953125 0.596875 0.1015625 0.3734375
0 0.45078125 0.61953125 0.0765625 0.3078125