1 0.1109375 0.40703125 0.0671875 0.2078125
1 0.24609375 0.40625 0.0625 0.20234375
1 0.37421875 0.4046875 0.059375 0.184375
1 0.48828125 0.40234375 0.05390625 0.1859375
1 0.59375 0.39765625 0.05 0.17265625
1 0.69765625 0.396875 0.04140625 0.1609375
1 0.79140625 0.39140625 0.046875 0.1609375
0 0.08671875 0.509375 0.07421875 0.38984375
0 0.68359375 0.4796875 0.06796875 0.33828125
0 0.92109375 0.459375 0.04140625 0.3015625
0 0.86328125 0.47109375 0.09609375 0.43046875
0 0.21328125 0.49921875 0.08828125 0.44921875
0 0.25546875 0.49296875 0.06796875 0.37578125