0 0.79296875 0.66875 0.08984375 0.61875
0 0.74375 0.52109375 0.034375 0.23515625
0 0.70390625 0.52734375 0.0546875 0.303125
0 0.6421875 0.53984375 0.05625 0.340625
0 0.58671875 0.55703125 0.05 0.36328125
0 0.515625 0.6484375 0.09921875 0.703125
0 0.23359375 0.63515625 0.121875 0.58984375
0 0.3671875 0.68125 0.153125 0.6375
1 0.17578125 0.5171875 0.059375 0.27421875
1 0.44296875 0.49375 0.04609375 0.20390625
1 0.584375 0.478125 0.04296875 0.17890625
1 0.63828125 0.47421875 0.0453125 0.16171875
1 0.69765625 0.465625 0.0421875 0.13515625
1 0.3328125 0.5078125 0.07109375 0.26796875