0 0.74765625 0.709375 0.2265625 0.58125
0 0.7328125 0.575 0.0859375 0.2375
0 0.6921875 0.57265625 0.121875 0.3078125
0 0.6296875 0.57109375 0.13125 0.3453125
0 0.571875 0.575 0.1296875 0.365625
0 0.48203125 0.646875 0.2546875 0.70625
0 0.21015625 0.571875 0.2515625 0.6015625
0 0.3296875 0.646875 0.2921875 0.65625
1 0.18046875 0.44375 0.1203125 0.28125
1 0.44609375 0.48125 0.090625 0.209375
1 0.5875 0.49765625 0.0828125 0.184375
1 0.640625 0.50625 0.08125 0.1671875
1 0.7 0.5109375 0.071875 0.140625
1 0.33515625 0.4703125 0.1296875 0.2765625