0 0.22265625 0.4625 0.090625 0.2515625
0 0.31015625 0.47265625 0.09375 0.2625
0 0.4765625 0.5140625 0.0875 0.240625
0 0.575 0.5140625 0.0953125 0.265625
0 0.73359375 0.5453125 0.084375 0.2453125
0 0.82890625 0.56015625 0.0828125 0.2515625
1 0.25625 0.40625 0.059375 0.14375
1 0.3375 0.42421875 0.059375 0.140625
1 0.415625 0.43828125 0.0578125 0.1359375
1 0.49765625 0.45234375 0.0546875 0.1359375
1 0.578125 0.4609375 0.0625 0.140625
1 0.65703125 0.47578125 0.0546875 0.128125
1 0.8171875 0.50390625 0.0609375 0.1328125