0 0.2203125 0.5015625 0.0578125 0.2453125
0 0.3078125 0.49921875 0.059375 0.25625
0 0.47890625 0.5171875 0.0546875 0.2359375
0 0.5765625 0.503125 0.06015625 0.259375
0 0.7375 0.5125 0.05078125 0.23984375
0 0.834375 0.5140625 0.0484375 0.246875
1 0.2453125 0.44140625 0.040625 0.1390625
1 0.32890625 0.44765625 0.040625 0.1359375
1 0.4078125 0.45078125 0.03984375 0.13125
1 0.49140625 0.453125 0.0375 0.13125
1 0.571875 0.45078125 0.04453125 0.1359375
1 0.65234375 0.45390625 0.0375 0.1234375
1 0.81484375 0.459375 0.04296875 0.12734375