0 0.79609375 0.66328125 0.1 0.6203125
0 0.74375 0.5171875 0.0390625 0.2359375
0 0.7046875 0.5234375 0.059375 0.3046875
0 0.64296875 0.5375 0.0625 0.3421875
0 0.5875 0.55546875 0.05625 0.3640625
0 0.51796875 0.64765625 0.1109375 0.7046875
0 0.2359375 0.63984375 0.1328125 0.5921875
0 0.36953125 0.68125 0.1640625 0.6375
1 0.17578125 0.52265625 0.0640625 0.275
1 0.44296875 0.49453125 0.05 0.2046875
1 0.58359375 0.4765625 0.0453125 0.1796875
1 0.6375 0.471875 0.0484375 0.1625
1 0.696875 0.4625 0.0453125 0.1359375
1 0.3328125 0.5109375 0.075 0.26875