1 0.76484375 0.54921875 0.03828125 0.13671875
1 0.69375 0.54453125 0.03125 0.14140625
1 0.62109375 0.54296875 0.03515625 0.15
1 0.5359375 0.5390625 0.04453125 0.15546875
1 0.44765625 0.5390625 0.04921875 0.159375
1 0.34453125 0.53359375 0.05390625 0.16953125
1 0.2328125 0.52421875 0.05625 0.1703125
1 0.10078125 0.5296875 0.046875 0.196875
0 0.06953125 0.62109375 0.09921875 0.38984375
0 0.57109375 0.61015625 0.07109375 0.3125
0 0.72265625 0.60625 0.05078125 0.2734375
0 0.79140625 0.60625 0.04453125 0.26328125
0 0.225 0.61171875 0.0828125 0.3703125
0 0.45703125 0.621875 0.06015625 0.3046875