1 0.07421875 0.58203125 0.1046875 0.21875
1 0.22265625 0.55390625 0.0953125 0.203125
1 0.34453125 0.52421875 0.0921875 0.2
1 0.4609375 0.50234375 0.084375 0.1859375
1 0.5640625 0.48203125 0.075 0.1828125
1 0.67265625 0.459375 0.0796875 0.178125
1 0.76875 0.43828125 0.06875 0.1671875
1 0.8625 0.4203125 0.078125 0.1671875
0 0.2109375 0.6609375 0.140625 0.36875
0 0.3359375 0.63515625 0.1375 0.35625
0 0.44453125 0.61015625 0.11875 0.3296875
0 0.52265625 0.596875 0.1359375 0.35
0 0.609375 0.55078125 0.1390625 0.378125
0 0.74296875 0.5140625 0.1421875 0.378125
0 0.82578125 0.5046875 0.1296875 0.3390625
0 0.93203125 0.46328125 0.1359375 0.3671875