0 0.8328125 0.66640625 0.1421875 0.66640625
0 0.46015625 0.61640625 0.10625 0.571875
0 0.33359375 0.596875 0.0734375 0.459375
0 0.0265625 0.5359375 0.04609375 0.303125
0 0.09296875 0.553125 0.05625 0.3109375
0 0.24765625 0.5890625 0.05390625 0.35703125
0 0.2328125 0.55546875 0.071875 0.40859375
1 0.084375 0.4625 0.04453125 0.159375
1 0.14921875 0.46953125 0.04609375 0.17890625
1 0.3046875 0.47578125 0.046875 0.17578125
1 0.21796875 0.47109375 0.03515625 0.16640625
1 0.3984375 0.4890625 0.046875 0.21171875
1 0.53125 0.50625 0.05703125 0.24609375
1 0.6734375 0.5203125 0.08828125 0.27109375
1 0.8640625 0.5546875 0.11015625 0.34375