0 0.81953125 0.67578125 0.1890625 0.6484375
0 0.45234375 0.61328125 0.1453125 0.578125
0 0.32734375 0.58515625 0.1046875 0.4640625
0 0.02890625 0.503125 0.0578125 0.30625
0 0.090625 0.52421875 0.078125 0.3140625
0 0.2421875 0.57109375 0.078125 0.359375
0 0.2296875 0.53671875 0.1 0.4125
1 0.08828125 0.43359375 0.05625 0.1625
1 0.15234375 0.4453125 0.0578125 0.18125
1 0.30703125 0.4625 0.059375 0.178125
1 0.2203125 0.4515625 0.046875 0.16875
1 0.39921875 0.48203125 0.0609375 0.2140625
1 0.53046875 0.50859375 0.0734375 0.25
1 0.671875 0.53203125 0.10625 0.2765625
1 0.859375 0.5796875 0.134375 0.35