0 0.11328125 0.59453125 0.040625 0.296875
0 0.1625 0.59609375 0.06484375 0.33671875
0 0.33203125 0.68984375 0.09140625 0.51171875
0 0.39375 0.64140625 0.05234375 0.41015625
0 0.48125 0.66953125 0.09609375 0.53671875
0 0.928125 0.69375 0.1421875 0.6125
1 0.22890625 0.53515625 0.0421875 0.16015625
1 0.4671875 0.55078125 0.0515625 0.19765625
1 0.58671875 0.5671875 0.071875 0.2265625
1 0.73125 0.5796875 0.0859375 0.25859375
1 0.89609375 0.578125 0.07421875 0.265625
1 0.29609375 0.53125 0.04296875 0.153125