1 0.18359375 0.47109375 0.059375 0.19921875
1 0.315625 0.4640625 0.05703125 0.19140625
1 0.43203125 0.46796875 0.05625 0.1828125
1 0.540625 0.4734375 0.0484375 0.18359375
1 0.64453125 0.47265625 0.04375 0.1671875
1 0.7453125 0.47109375 0.04375 0.16328125
1 0.928125 0.478125 0.0390625 0.1671875
0 0.134375 0.5765625 0.06328125 0.3734375
0 0.746875 0.5546875 0.1125 0.3296875
0 0.83046875 0.53984375 0.0671875 0.3875
0 0.88671875 0.5515625 0.04609375 0.29375
0 0.42890625 0.55703125 0.05625 0.37421875
0 0.2765625 0.5734375 0.08671875 0.43203125
0 0.315625 0.56875 0.0515625 0.38515625