0 0.3609375 0.57421875 0.140625 0.48828125
0 0.60390625 0.5484375 0.07421875 0.39296875
0 0.69921875 0.5375 0.053125 0.3921875
0 0.78671875 0.54765625 0.05 0.3203125
0 0.90859375 0.54140625 0.046875 0.265625
1 0.86796875 0.46484375 0.0390625 0.15
1 0.1453125 0.465625 0.08828125 0.26796875
1 0.30390625 0.46953125 0.05234375 0.2375
1 0.4453125 0.46484375 0.05703125 0.21796875
1 0.55625 0.46953125 0.0484375 0.1953125
1 0.6515625 0.4625 0.0453125 0.17578125
1 0.7375 0.46640625 0.03515625 0.1703125
1 0.80859375 0.4671875 0.02890625 0.15546875