0 0.37578125 0.596875 0.2234375 0.5046875
0 0.6109375 0.5296875 0.140625 0.4
0 0.70234375 0.50234375 0.1203125 0.3953125
0 0.790625 0.496875 0.1046875 0.3234375
0 0.909375 0.46953125 0.0921875 0.2703125
1 0.85625 0.4015625 0.0640625 0.1546875
1 0.14453125 0.528125 0.1328125 0.2796875
1 0.3015625 0.50390625 0.0921875 0.24375
1 0.43984375 0.475 0.09375 0.225
1 0.55 0.46015625 0.08125 0.2
1 0.64296875 0.43671875 0.075 0.18125
1 0.728125 0.42578125 0.0640625 0.1734375
1 0.7984375 0.4140625 0.0546875 0.1578125