0 0.36640625 0.58359375 0.175 0.496875
0 0.60703125 0.54140625 0.1015625 0.396875
0 0.7015625 0.5234375 0.0796875 0.3953125
0 0.7890625 0.52734375 0.071875 0.3234375
0 0.91015625 0.5125 0.065625 0.26875
1 0.86484375 0.4390625 0.05 0.153125
1 0.14375 0.490625 0.10625 0.2734375
1 0.30234375 0.48359375 0.06875 0.240625
1 0.44296875 0.46875 0.071875 0.221875
1 0.55390625 0.465625 0.0625 0.1984375
1 0.6484375 0.45234375 0.0578125 0.178125
1 0.734375 0.45 0.046875 0.171875
1 0.80546875 0.44609375 0.0390625 0.1578125