0 0.83828125 0.6546875 0.165625 0.6703125
0 0.4640625 0.61796875 0.1265625 0.575
0 0.33671875 0.60234375 0.0890625 0.4609375
0 0.028125 0.55234375 0.05625 0.3046875
0 0.0953125 0.5671875 0.0671875 0.3125
0 0.25078125 0.59765625 0.065625 0.359375
0 0.23515625 0.56484375 0.0859375 0.4109375
1 0.08359375 0.47734375 0.05 0.1609375
1 0.1484375 0.48203125 0.0515625 0.1796875
1 0.30390625 0.4828125 0.053125 0.1765625
1 0.2171875 0.48125 0.040625 0.1671875
1 0.3984375 0.49296875 0.0546875 0.2125
1 0.53125 0.50546875 0.065625 0.2484375
1 0.67421875 0.5140625 0.0984375 0.2734375
1 0.865625 0.5421875 0.121875 0.346875