0 0.090625 0.43984375 0.1015625 0.3640625
0 0.21328125 0.4328125 0.10625 0.3984375
0 0.55234375 0.46875 0.1 0.3484375
0 0.65234375 0.4828125 0.1171875 0.4140625
0 0.7296875 0.4875 0.0875 0.3921875
0 0.91640625 0.48125 0.09375 0.3546875
1 0.8890625 0.4234375 0.0625 0.1671875
1 0.790625 0.41484375 0.059375 0.1734375
1 0.5796875 0.3953125 0.0640625 0.184375
1 0.46953125 0.3921875 0.0671875 0.1828125
1 0.3578125 0.3796875 0.0671875 0.1875
1 0.246875 0.36328125 0.065625 0.1921875
1 0.109375 0.34921875 0.084375 0.1921875
1 0.68671875 0.403125 0.0640625 0.1765625