1 0.06640625 0.49921875 0.065625 0.21015625
1 0.2171875 0.5 0.05859375 0.19609375
1 0.34296875 0.49453125 0.05625 0.19296875
1 0.4609375 0.49453125 0.0515625 0.17890625
1 0.56640625 0.49453125 0.04140625 0.178125
1 0.67734375 0.49296875 0.04765625 0.17265625
1 0.77578125 0.490625 0.0390625 0.16328125
1 0.87109375 0.490625 0.04765625 0.16171875
0 0.18515625 0.603125 0.0734375 0.36171875
0 0.31328125 0.6015625 0.071875 0.3484375
0 0.42421875 0.59765625 0.0578125 0.32421875
0 0.50390625 0.59921875 0.071875 0.3421875
0 0.59765625 0.57109375 0.06953125 0.371875
0 0.7359375 0.56015625 0.07265625 0.37109375
0 0.81875 0.56640625 0.06796875 0.3328125
0 0.93515625 0.54765625 0.07734375 0.359375