0 0.0875 0.46875 0.0765625 0.36015625
0 0.209375 0.453125 0.0796875 0.39453125
0 0.55 0.46484375 0.07578125 0.34453125
0 0.65078125 0.471875 0.0890625 0.40859375
0 0.728125 0.471875 0.06015625 0.3890625
0 0.9140625 0.45234375 0.06953125 0.35078125
1 0.8828125 0.39609375 0.0515625 0.1640625
1 0.78359375 0.39453125 0.04765625 0.17109375
1 0.571875 0.38984375 0.0515625 0.18046875
1 0.46171875 0.39453125 0.05546875 0.1796875
1 0.35 0.38984375 0.05390625 0.184375
1 0.23828125 0.38125 0.05234375 0.1890625
1 0.1 0.3765625 0.07109375 0.18828125
1 0.6796875 0.390625 0.0515625 0.17265625