1 0.0703125 0.559375 0.09375 0.2171875
1 0.2203125 0.5390625 0.0859375 0.2015625
1 0.34375 0.51640625 0.0828125 0.1984375
1 0.4609375 0.5 0.0765625 0.184375
1 0.56484375 0.48515625 0.065625 0.1828125
1 0.675 0.46796875 0.071875 0.178125
1 0.771875 0.45234375 0.0609375 0.1671875
1 0.86640625 0.4390625 0.0703125 0.1671875
0 0.20234375 0.64609375 0.1234375 0.36875
0 0.32890625 0.6265625 0.1203125 0.3546875
0 0.43828125 0.60703125 0.103125 0.3296875
0 0.51796875 0.59765625 0.11875 0.3484375
0 0.60625 0.55703125 0.1203125 0.378125
0 0.7421875 0.5265625 0.1234375 0.378125
0 0.825 0.52109375 0.1140625 0.3390625
0 0.93671875 0.48671875 0.1265625 0.3671875