0 0.109375 0.36328125 0.1671875 0.3671875
0 0.23125 0.3796875 0.1796875 0.4015625
0 0.55703125 0.47890625 0.1625 0.353125
0 0.653125 0.51171875 0.1921875 0.4171875
0 0.72734375 0.53203125 0.159375 0.390625
0 0.9125 0.5609375 0.1578125 0.35625
1 0.896875 0.4984375 0.0921875 0.171875
1 0.8015625 0.471875 0.090625 0.178125
1 0.59765625 0.4125 0.096875 0.1875
1 0.490625 0.38828125 0.1 0.1875
1 0.38359375 0.3546875 0.1 0.1921875
1 0.278125 0.3171875 0.1 0.196875
1 0.1453125 0.27734375 0.1171875 0.2
1 0.7015625 0.440625 0.09375 0.1796875