1 0.2 0.3953125 0.10625 0.2078125
1 0.3296875 0.4203125 0.1015625 0.2
1 0.4421875 0.45234375 0.0984375 0.190625
1 0.54609375 0.484375 0.0921875 0.190625
1 0.646875 0.50859375 0.0828125 0.1734375
1 0.7453125 0.53125 0.08125 0.16875
1 0.9203125 0.58203125 0.078125 0.171875
0 0.1265625 0.4859375 0.1515625 0.378125
0 0.7265625 0.6125 0.1890625 0.346875
0 0.8109375 0.61875 0.159375 0.3921875
0 0.8625 0.64375 0.115625 0.296875
0 0.4171875 0.53828125 0.1453125 0.3765625
0 0.265625 0.5171875 0.1890625 0.440625
0 0.3046875 0.521875 0.14375 0.3859375