1 0.096875 0.4328125 0.065625 0.2078125
1 0.2390625 0.4359375 0.059375 0.2140625
1 0.36015625 0.43046875 0.0609375 0.1890625
1 0.475 0.4265625 0.05 0.178125
1 0.584375 0.42265625 0.0421875 0.1703125
1 0.67734375 0.42265625 0.0546875 0.1765625
1 0.7703125 0.4046875 0.0453125 0.15
1 0.8609375 0.415625 0.04375 0.16875
0 0.0703125 0.53671875 0.0765625 0.3796875
0 0.20234375 0.52265625 0.0859375 0.446875
0 0.54453125 0.5265625 0.103125 0.371875
0 0.81484375 0.50625 0.08125 0.434375
0 0.88984375 0.484375 0.0546875 0.3015625
0 0.70078125 0.50078125 0.0796875 0.3203125