0 0.37265625 0.59453125 0.14609375 0.5375
1 0.1296875 0.484375 0.09140625 0.3015625
1 0.32109375 0.478125 0.07890625 0.2703125
1 0.4546875 0.47734375 0.0515625 0.2265625
1 0.559375 0.45859375 0.04453125 0.17734375
1 0.646875 0.45703125 0.03515625 0.175
1 0.71875 0.4609375 0.03359375 0.17265625
1 0.77734375 0.45625 0.03203125 0.16796875
0 0.57265625 0.58828125 0.06328125 0.37109375
0 0.65 0.5765625 0.08046875 0.36484375
0 0.77734375 0.53125 0.0765625 0.33828125
0 0.84375 0.515625 0.046875 0.31640625