0 0.05234375 0.503125 0.096875 0.36796875
0 0.2078125 0.51875 0.1 0.3578125
0 0.39140625 0.5453125 0.0640625 0.30859375
0 0.45625 0.54609375 0.0703125 0.328125
0 0.55234375 0.52109375 0.0828125 0.36328125
0 0.896875 0.553125 0.0640625 0.30625
1 0.10703125 0.4390625 0.04375 0.18671875
1 0.2125 0.4421875 0.0578125 0.1734375
1 0.32578125 0.4484375 0.05625 0.17578125
1 0.4390625 0.4515625 0.05546875 0.178125
1 0.659375 0.45234375 0.04921875 0.1734375
1 0.76328125 0.45703125 0.0515625 0.1703125
1 0.87890625 0.45625 0.05546875 0.171875
1 0.5484375 0.4453125 0.05625 0.16484375