0 0.0578125 0.478125 0.1140625 0.4125
0 0.43359375 0.52578125 0.0640625 0.321875
0 0.50234375 0.53359375 0.0734375 0.3515625
0 0.7375 0.51484375 0.1 0.4171875
0 0.87421875 0.52421875 0.078125 0.3953125
1 0.10703125 0.40234375 0.075 0.2015625
1 0.23515625 0.4109375 0.0703125 0.196875
1 0.3578125 0.42109375 0.065625 0.1921875
1 0.475 0.425 0.0703125 0.1984375
1 0.596875 0.43359375 0.065625 0.190625
1 0.72265625 0.4328125 0.0671875 0.190625
1 0.84375 0.43984375 0.06875 0.1859375
1 0.9609375 0.446875 0.065625 0.190625