0 0.05703125 0.5015625 0.09296875 0.4078125
0 0.43515625 0.52890625 0.04765625 0.3203125
0 0.50390625 0.53359375 0.0546875 0.34921875
0 0.73828125 0.50234375 0.07890625 0.41328125
0 0.875 0.5046875 0.05703125 0.3921875
1 0.10234375 0.4234375 0.0640625 0.1984375
1 0.23125 0.425 0.0609375 0.19453125
1 0.35390625 0.42890625 0.05546875 0.18984375
1 0.47109375 0.4265625 0.059375 0.19609375
1 0.59296875 0.42890625 0.05625 0.18828125
1 0.71875 0.42109375 0.0578125 0.18828125
1 0.83984375 0.421875 0.059375 0.18359375
1 0.9578125 0.42265625 0.05546875 0.1875