0 0.0609375 0.53984375 0.121875 0.4140625
0 0.43828125 0.534375 0.075 0.3234375
0 0.50703125 0.5328125 0.084375 0.353125
0 0.7375 0.48125 0.1140625 0.41875
0 0.87421875 0.471875 0.090625 0.3953125
1 0.096875 0.45859375 0.08125 0.203125
1 0.22578125 0.4484375 0.078125 0.1984375
1 0.3484375 0.4421875 0.071875 0.19375
1 0.46484375 0.4296875 0.0765625 0.2
1 0.58671875 0.42109375 0.071875 0.1921875
1 0.7109375 0.40234375 0.0734375 0.1921875
1 0.83203125 0.3921875 0.075 0.1875
1 0.94921875 0.3828125 0.071875 0.1921875