0 0.05234375 0.5109375 0.103125 0.3703125
0 0.2078125 0.52421875 0.10625 0.359375
0 0.3921875 0.546875 0.06875 0.309375
0 0.45703125 0.546875 0.0765625 0.3296875
0 0.55234375 0.5203125 0.0890625 0.3640625
0 0.89765625 0.54609375 0.06875 0.3078125
1 0.10625 0.44609375 0.046875 0.1875
1 0.21171875 0.446875 0.0609375 0.175
1 0.325 0.4515625 0.059375 0.1765625
1 0.43828125 0.45234375 0.0578125 0.1796875
1 0.65859375 0.44921875 0.0515625 0.175
1 0.7625 0.45234375 0.0546875 0.171875
1 0.878125 0.45 0.0578125 0.1734375
1 0.54765625 0.44453125 0.059375 0.165625