1 0.09453125 0.45390625 0.0765625 0.2109375
1 0.2359375 0.44921875 0.0703125 0.2171875
1 0.35703125 0.43828125 0.0703125 0.190625
1 0.47109375 0.42734375 0.059375 0.1796875
1 0.58046875 0.41875 0.0515625 0.171875
1 0.6734375 0.41328125 0.0640625 0.1796875
1 0.76484375 0.390625 0.053125 0.153125
1 0.85625 0.396875 0.0515625 0.1703125
0 0.07265625 0.55859375 0.0953125 0.3828125
0 0.20390625 0.53828125 0.109375 0.45
0 0.5453125 0.52421875 0.121875 0.375
0 0.81484375 0.48984375 0.1046875 0.4375
0 0.88828125 0.4640625 0.0703125 0.303125
0 0.70078125 0.48984375 0.0953125 0.3234375