1 0.0984375 0.42578125 0.06171875 0.20703125
1 0.23984375 0.43125 0.05625 0.21328125
1 0.36171875 0.428125 0.0578125 0.1875
1 0.4765625 0.42578125 0.046875 0.17734375
1 0.5859375 0.42421875 0.0390625 0.1703125
1 0.67890625 0.42578125 0.05234375 0.17578125
1 0.771875 0.409375 0.04296875 0.15
1 0.8625 0.421875 0.040625 0.16796875
0 0.06953125 0.52890625 0.06953125 0.378125
0 0.20234375 0.5171875 0.07890625 0.4453125
0 0.54375 0.52734375 0.09609375 0.36953125
0 0.81484375 0.51171875 0.07421875 0.4328125
0 0.88984375 0.49140625 0.05 0.30078125
0 0.70078125 0.50390625 0.0734375 0.31875