1 0.675 0.43203125 0.09375 0.1828125
1 0.19609375 0.30234375 0.1171875 0.2265625
1 0.33125 0.34296875 0.1140625 0.221875
1 0.45546875 0.378125 0.10625 0.209375
1 0.57109375 0.403125 0.0984375 0.1921875
1 0.78046875 0.45625 0.084375 0.1765625
1 0.875 0.48046875 0.0921875 0.1796875
1 0.9578125 0.50703125 0.084375 0.1796875
0 0.78984375 0.54765625 0.1421875 0.35
0 0.31953125 0.4359375 0.1546875 0.3984375
0 0.140625 0.390625 0.1828125 0.4015625
0 0.4375 0.45703125 0.1640625 0.4015625
0 0.56171875 0.490625 0.1546875 0.35625
0 0.875 0.5625 0.1828125 0.434375
0 0.26015625 0.42734375 0.2046875 0.5