1 0.653125 0.39140625 0.05390625 0.17421875
1 0.15703125 0.38203125 0.06640625 0.21640625
1 0.2984375 0.38828125 0.06484375 0.21328125
1 0.42734375 0.3921875 0.059375 0.20078125
1 0.5453125 0.3890625 0.05625 0.184375
1 0.76171875 0.38984375 0.04453125 0.1703125
1 0.859375 0.390625 0.05234375 0.17265625
1 0.95 0.3953125 0.05078125 0.171875
0 0.79296875 0.47578125 0.0609375 0.34609375
0 0.309375 0.48125 0.0609375 0.3953125
0 0.125 0.48046875 0.09140625 0.390625
0 0.42890625 0.4734375 0.0703125 0.39609375
0 0.5578125 0.47578125 0.07265625 0.34921875
0 0.87890625 0.4703125 0.08125 0.42734375
0 0.25 0.4875 0.08828125 0.49375