1 0.66796875 0.41640625 0.08125 0.18125
1 0.1796875 0.3296875 0.1 0.2234375
1 0.31875 0.3578125 0.096875 0.2203125
1 0.4453125 0.38203125 0.090625 0.2078125
1 0.56171875 0.39765625 0.084375 0.190625
1 0.77578125 0.43203125 0.0703125 0.175
1 0.871875 0.4484375 0.078125 0.178125
1 0.9609375 0.4671875 0.0765625 0.178125
0 0.79296875 0.521875 0.1140625 0.3515625
0 0.31484375 0.4515625 0.121875 0.4
0 0.1328125 0.421875 0.1515625 0.4
0 0.43359375 0.4625 0.13125 0.4015625
0 0.5609375 0.48515625 0.1265625 0.35625
0 0.87890625 0.5296875 0.146875 0.434375
0 0.2546875 0.4484375 0.1640625 0.5015625