1 0.84453125 0.4453125 0.07109375 0.2265625
1 0.7109375 0.43984375 0.06015625 0.2015625
1 0.59921875 0.43828125 0.04921875 0.17890625
1 0.5109375 0.4328125 0.0390625 0.1609375
1 0.428125 0.428125 0.03828125 0.1546875
1 0.3625 0.428125 0.03828125 0.14140625
1 0.25 0.41875 0.02890625 0.12734375
0 0.19375 0.465625 0.05 0.23828125
0 0.26640625 0.4703125 0.03984375 0.26953125
0 0.31328125 0.47734375 0.046875 0.2828125
0 0.47109375 0.49609375 0.07265625 0.340625
1 0.30234375 0.42109375 0.0328125 0.134375