0 0.234375 0.5734375 0.1359375 0.4578125
0 0.465625 0.5828125 0.078125 0.35625
0 0.5421875 0.5890625 0.071875 0.3765625
0 0.76484375 0.553125 0.1046875 0.3828125
0 0.89140625 0.5515625 0.090625 0.384375
1 0.0671875 0.47421875 0.0796875 0.228125
1 0.221875 0.46796875 0.08125 0.215625
1 0.49296875 0.4703125 0.0625 0.1921875
1 0.365625 0.4734375 0.065625 0.20625
1 0.61328125 0.47578125 0.05625 0.1984375
1 0.725 0.4734375 0.0546875 0.1984375
1 0.8375 0.47109375 0.05 0.19375
1 0.9375 0.47265625 0.04375 0.1828125