0 0.1984375 0.515625 0.08515625 0.32109375
0 0.28671875 0.5484375 0.04453125 0.31875
0 0.33203125 0.56640625 0.05703125 0.35703125
0 0.49921875 0.56484375 0.10390625 0.471875
0 0.675 0.590625 0.1125 0.5828125
1 0.9265625 0.46953125 0.10625 0.3328125
1 0.73359375 0.4625 0.08515625 0.28125
1 0.58828125 0.45859375 0.06796875 0.25078125
1 0.47578125 0.45234375 0.059375 0.21171875
1 0.3890625 0.45625 0.0484375 0.19453125
1 0.3109375 0.44453125 0.046875 0.1703125
1 0.25078125 0.44375 0.03671875 0.16015625