0 0.07109375 0.41796875 0.1421875 0.3796875
0 0.209375 0.4625 0.1671875 0.3703125
0 0.384375 0.5234375 0.121875 0.315625
0 0.4484375 0.53671875 0.13125 0.3359375
0 0.54765625 0.53046875 0.15 0.371875
0 0.8796875 0.628125 0.121875 0.3125
1 0.12578125 0.36484375 0.078125 0.1921875
1 0.22890625 0.38828125 0.090625 0.18125
1 0.3390625 0.41640625 0.0890625 0.1828125
1 0.44921875 0.440625 0.0890625 0.1859375
1 0.665625 0.48359375 0.08125 0.1796875
1 0.76640625 0.5078125 0.0828125 0.1765625
1 0.88046875 0.5296875 0.0875 0.1796875
1 0.5578125 0.45546875 0.0859375 0.171875