0 0.22421875 0.496875 0.2421875 0.4734375
0 0.44375 0.5703125 0.1625 0.3609375
0 0.515625 0.59765625 0.159375 0.3796875
0 0.73984375 0.62421875 0.19375 0.39375
0 0.8625 0.6578125 0.18125 0.3921875
1 0.09140625 0.35546875 0.13125 0.2390625
1 0.24140625 0.39296875 0.13125 0.228125
1 0.5015625 0.46953125 0.10625 0.2
1 0.378125 0.4375 0.1140625 0.2140625
1 0.615625 0.50859375 0.1015625 0.2046875
1 0.72421875 0.53671875 0.1 0.2046875
1 0.8328125 0.565625 0.0953125 0.1984375
1 0.928125 0.59453125 0.0859375 0.1859375