0 0.21953125 0.5078125 0.09609375 0.35625
0 0.44609375 0.50234375 0.07578125 0.34609375
0 0.665625 0.509375 0.0609375 0.31875
0 0.77890625 0.5140625 0.06875 0.3078125
0 0.8515625 0.50625 0.0640625 0.328125
1 0.0953125 0.428125 0.0625 0.1875
1 0.215625 0.42578125 0.065625 0.18828125
1 0.3359375 0.43046875 0.0546875 0.17890625
1 0.44453125 0.43203125 0.05546875 0.165625
1 0.55390625 0.43359375 0.046875 0.165625
1 0.659375 0.428125 0.0546875 0.1578125
1 0.7640625 0.4296875 0.05859375 0.15703125
1 0.85234375 0.4234375 0.05546875 0.15859375