1 0.1359375 0.54375 0.0671875 0.1578125
1 0.2109375 0.5328125 0.065625 0.165625
1 0.296875 0.5234375 0.0703125 0.175
1 0.38828125 0.51171875 0.0828125 0.184375
1 0.4859375 0.5 0.0875 0.19375
1 0.61171875 0.4828125 0.0734375 0.203125
1 0.73046875 0.4640625 0.0984375 0.2265625
1 0.87890625 0.44921875 0.10625 0.2328125
0 0.08359375 0.63984375 0.134375 0.3734375
0 0.16796875 0.61328125 0.1078125 0.3109375
0 0.25703125 0.60078125 0.1171875 0.35
0 0.35546875 0.5859375 0.125 0.365625
0 0.471875 0.59765625 0.1171875 0.35
0 0.590625 0.56875 0.1328125 0.3984375
0 0.72578125 0.55859375 0.1546875 0.4359375