0 0.10390625 0.53125 0.0921875 0.3171875
0 0.25703125 0.54140625 0.1109375 0.371875
0 0.37265625 0.5328125 0.1328125 0.3859375
0 0.49375 0.5359375 0.1390625 0.4359375
0 0.7859375 0.54921875 0.1640625 0.521875
1 0.15703125 0.45703125 0.0609375 0.1640625
1 0.2234375 0.44921875 0.05625 0.1703125
1 0.3046875 0.4484375 0.05625 0.184375
1 0.40546875 0.44140625 0.0734375 0.2046875
1 0.51328125 0.43515625 0.0828125 0.2203125
1 0.64296875 0.428125 0.0953125 0.2328125
1 0.7953125 0.41484375 0.1109375 0.2578125