0 0.08359375 0.534375 0.0859375 0.3203125
0 0.39453125 0.54296875 0.08125 0.33125
0 0.50078125 0.54921875 0.0765625 0.33125
0 0.6234375 0.5390625 0.084375 0.3625
0 0.7640625 0.54296875 0.0953125 0.3828125
0 0.9015625 0.55 0.090625 0.36875
1 0.13515625 0.465625 0.0546875 0.1578125
1 0.22421875 0.46796875 0.053125 0.165625
1 0.31484375 0.46640625 0.0546875 0.165625
1 0.4109375 0.4625 0.0671875 0.1703125
1 0.51640625 0.46015625 0.059375 0.1734375
1 0.6296875 0.45625 0.065625 0.196875
1 0.75625 0.45390625 0.0671875 0.196875
1 0.884375 0.45234375 0.06875 0.1859375