1 0.1765625 0.43828125 0.0609375 0.1796875
1 0.28671875 0.43203125 0.0671875 0.184375
1 0.39765625 0.42890625 0.0515625 0.165625
1 0.49921875 0.42578125 0.053125 0.1640625
1 0.6015625 0.41953125 0.0390625 0.1625
1 0.6875 0.4203125 0.03125 0.1578125
1 0.78515625 0.41484375 0.04375 0.1484375
1 0.890625 0.409375 0.028125 0.15625
0 0.1125 0.5578125 0.1078125 0.4375
0 0.28671875 0.5859375 0.1328125 0.5609375
0 0.57421875 0.51328125 0.0625 0.3140625
0 0.71640625 0.48671875 0.0640625 0.290625
0 0.815625 0.48515625 0.0625 0.2921875
0 0.8625 0.4765625 0.053125 0.3203125