1 0.14296875 0.41640625 0.0734375 0.159375
1 0.2171875 0.43203125 0.071875 0.1671875
1 0.3015625 0.45234375 0.075 0.175
1 0.390625 0.47265625 0.0890625 0.1859375
1 0.48671875 0.4953125 0.09375 0.19375
1 0.6109375 0.52265625 0.0796875 0.203125
1 0.72890625 0.5453125 0.10625 0.2265625
1 0.8734375 0.58203125 0.1140625 0.234375
0 0.06640625 0.4890625 0.1328125 0.375
0 0.14921875 0.49296875 0.1171875 0.3109375
0 0.2375 0.51171875 0.128125 0.35
0 0.334375 0.53125 0.1375 0.365625
0 0.43984375 0.58203125 0.128125 0.35
0 0.56171875 0.5953125 0.146875 0.3984375
0 0.6921875 0.63203125 0.16875 0.4359375