1 0.13359375 0.4859375 0.04453125 0.153125
1 0.209375 0.4875 0.04140625 0.16171875
1 0.29609375 0.49140625 0.04375 0.16953125
1 0.3875 0.49375 0.05546875 0.178125
1 0.4859375 0.49765625 0.05859375 0.18671875
1 0.61328125 0.50078125 0.04296875 0.1984375
1 0.73359375 0.50078125 0.065625 0.21875
1 0.88203125 0.509375 0.071875 0.22421875
0 0.0671875 0.57265625 0.07734375 0.36640625
0 0.1546875 0.56015625 0.06015625 0.30546875
0 0.24453125 0.56171875 0.0640625 0.34453125
0 0.34375 0.5625 0.0703125 0.35859375
0 0.45703125 0.5921875 0.0640625 0.34453125
0 0.57890625 0.58203125 0.07265625 0.3921875
0 0.7140625 0.59296875 0.0890625 0.4265625