0 0.221875 0.53671875 0.1328125 0.3640625
0 0.446875 0.5078125 0.1109375 0.3515625
0 0.665625 0.4921875 0.09375 0.3234375
0 0.77890625 0.48515625 0.1 0.3140625
0 0.85 0.46953125 0.0984375 0.3328125
1 0.08984375 0.47109375 0.08125 0.19375
1 0.209375 0.45625 0.084375 0.19375
1 0.3296875 0.44765625 0.0734375 0.184375
1 0.4375 0.43828125 0.071875 0.1703125
1 0.546875 0.428125 0.0640625 0.1703125
1 0.65078125 0.41171875 0.0703125 0.1625
1 0.75546875 0.40234375 0.075 0.1625
1 0.8421875 0.38671875 0.071875 0.1640625