0 0.1984375 0.5046875 0.15625 0.3828125
0 0.428125 0.478125 0.115625 0.365625
0 0.65859375 0.46796875 0.1046875 0.3265625
0 0.77578125 0.46640625 0.115625 0.346875
0 0.88046875 0.44765625 0.1328125 0.3828125
1 0.07421875 0.43984375 0.08125 0.1875
1 0.19453125 0.425 0.0796875 0.1859375
1 0.3171875 0.4171875 0.0734375 0.184375
1 0.42734375 0.403125 0.0734375 0.1796875
1 0.53515625 0.3984375 0.065625 0.1765625
1 0.63125 0.38984375 0.0515625 0.1671875
1 0.73828125 0.37890625 0.0625 0.16875
1 0.8328125 0.36875 0.06875 0.1671875