1 0.18671875 0.4 0.0703125 0.1828125
1 0.29609375 0.40703125 0.0765625 0.1859375
1 0.40703125 0.41640625 0.059375 0.1671875
1 0.5078125 0.4265625 0.0609375 0.165625
1 0.6109375 0.4328125 0.046875 0.1625
1 0.6953125 0.44375 0.040625 0.159375
1 0.79375 0.45078125 0.0515625 0.15
1 0.89921875 0.4578125 0.0375 0.15625
0 0.10859375 0.51015625 0.13125 0.4421875
0 0.27734375 0.55859375 0.1609375 0.5640625
0 0.571875 0.521875 0.0796875 0.315625
0 0.71640625 0.51328125 0.078125 0.2921875
0 0.81484375 0.5234375 0.078125 0.29375
0 0.8625 0.52109375 0.06875 0.321875