0 0.08671875 0.43984375 0.1328125 0.325
0 0.3875 0.51796875 0.13125 0.3375
0 0.48984375 0.5484375 0.1265625 0.3359375
0 0.61171875 0.565625 0.1390625 0.3671875
0 0.74765625 0.6015625 0.153125 0.3890625
0 0.8796875 0.6390625 0.146875 0.375
1 0.15234375 0.384375 0.078125 0.1625
1 0.2390625 0.40703125 0.078125 0.1703125
1 0.32734375 0.42578125 0.078125 0.16875
1 0.421875 0.44375 0.0921875 0.1765625
1 0.525 0.46484375 0.084375 0.178125
1 0.6359375 0.48671875 0.0953125 0.2015625
1 0.76015625 0.5125 0.096875 0.203125
1 0.88515625 0.53984375 0.096875 0.1921875