0 0.2015625 0.546875 0.2046875 0.390625
0 0.425 0.48828125 0.1640625 0.3671875
0 0.65234375 0.44609375 0.146875 0.328125
0 0.76875 0.428125 0.1609375 0.3484375
0 0.86953125 0.3953125 0.18125 0.3875
1 0.06953125 0.49921875 0.1046875 0.190625
1 0.18671875 0.46875 0.103125 0.190625
1 0.30703125 0.44375 0.096875 0.1875
1 0.4140625 0.4140625 0.0953125 0.1828125
1 0.5203125 0.39453125 0.0875 0.1796875
1 0.61484375 0.37265625 0.0734375 0.1671875
1 0.71953125 0.346875 0.084375 0.171875
1 0.8109375 0.3234375 0.0890625 0.1703125