0 0.19921875 0.4734375 0.11796875 0.37265625
0 0.43046875 0.4703125 0.07890625 0.359375
0 0.6609375 0.484375 0.071875 0.3203125
0 0.778125 0.4953125 0.08046875 0.33984375
0 0.88359375 0.4875 0.09375 0.37578125
1 0.0828125 0.3953125 0.0625 0.18125
1 0.20390625 0.39375 0.06171875 0.18046875
1 0.3265625 0.3984375 0.0546875 0.17890625
1 0.4375 0.39609375 0.05546875 0.17421875
1 0.5453125 0.40234375 0.04765625 0.17265625
1 0.6421875 0.40390625 0.034375 0.1640625
1 0.75 0.4046875 0.04609375 0.16484375
1 0.84453125 0.40390625 0.0515625 0.16328125