1 0.17890625 0.42734375 0.05546875 0.178125
1 0.2890625 0.425 0.06015625 0.18203125
1 0.4 0.425 0.0453125 0.1640625
1 0.5015625 0.42578125 0.046875 0.1625
1 0.6046875 0.4234375 0.03359375 0.1609375
1 0.68984375 0.4265625 0.0265625 0.15703125
1 0.78828125 0.425 0.03828125 0.14765625
1 0.89375 0.4234375 0.0234375 0.15546875
0 0.1109375 0.54453125 0.09296875 0.43515625
0 0.28359375 0.578125 0.11328125 0.55703125
0 0.5734375 0.515625 0.05234375 0.3125
0 0.71640625 0.49453125 0.05390625 0.2890625
0 0.815625 0.49609375 0.05234375 0.290625
0 0.86328125 0.4890625 0.04140625 0.31953125