0 0.0828125 0.51953125 0.07421875 0.3171875
0 0.39296875 0.5390625 0.0703125 0.3296875
0 0.49921875 0.54921875 0.065625 0.3296875
0 0.621875 0.54296875 0.07109375 0.3609375
0 0.7625 0.55234375 0.08203125 0.38046875
0 0.89921875 0.5640625 0.078125 0.36640625
1 0.13671875 0.453125 0.05 0.15546875
1 0.22578125 0.45859375 0.04765625 0.1640625
1 0.31640625 0.46015625 0.0484375 0.16328125
1 0.4125 0.459375 0.0609375 0.16875
1 0.51796875 0.4609375 0.053125 0.171875
1 0.63125 0.4609375 0.059375 0.19453125
1 0.7578125 0.4625 0.06015625 0.19453125
1 0.8859375 0.465625 0.0625 0.184375