0 0.21953125 0.49296875 0.1140625 0.3609375
0 0.44609375 0.49921875 0.09375 0.35
0 0.66484375 0.51796875 0.078125 0.321875
0 0.778125 0.52890625 0.084375 0.3109375
0 0.85078125 0.525 0.08125 0.33125
1 0.1 0.40703125 0.071875 0.190625
1 0.21953125 0.4109375 0.075 0.1921875
1 0.33984375 0.421875 0.0640625 0.18125
1 0.4484375 0.42890625 0.0640625 0.16875
1 0.55703125 0.43671875 0.05625 0.1671875
1 0.66328125 0.43671875 0.0625 0.1609375
1 0.7671875 0.44375 0.0671875 0.159375
1 0.85625 0.4421875 0.0640625 0.1609375