0 0.103125 0.48984375 0.06015625 0.31328125
0 0.25390625 0.515625 0.07265625 0.365625
0 0.36953125 0.51953125 0.09453125 0.378125
0 0.48984375 0.53515625 0.0953125 0.428125
0 0.77890625 0.57890625 0.1109375 0.51328125
1 0.16328125 0.42109375 0.04375 0.1609375
1 0.23046875 0.4203125 0.0390625 0.16640625
1 0.3109375 0.428125 0.03671875 0.18203125
1 0.41171875 0.43203125 0.05234375 0.2
1 0.5203125 0.43671875 0.0609375 0.21484375
1 0.65 0.44375 0.07265625 0.2265625
1 0.80234375 0.44609375 0.0859375 0.25078125