1 0.29453125 0.41484375 0.0328125 0.1390625
1 0.35390625 0.41484375 0.0328125 0.14375
1 0.42109375 0.42421875 0.0375 0.16328125
1 0.5 0.428125 0.04609375 0.16875
1 0.596875 0.43515625 0.053125 0.19921875
1 0.7171875 0.44453125 0.05234375 0.2078125
1 0.8546875 0.45390625 0.07890625 0.23984375
0 0.13203125 0.48515625 0.05078125 0.3234375
0 0.18828125 0.52421875 0.071875 0.36484375
0 0.25 0.46484375 0.0421875 0.2703125
0 0.31015625 0.4859375 0.046875 0.27421875
0 0.3765625 0.48671875 0.0546875 0.303125
0 0.4515625 0.50234375 0.065625 0.346875
0 0.534375 0.503125 0.07421875 0.4125
0 0.6640625 0.5375 0.08359375 0.43515625
0 0.81328125 0.54921875 0.10390625 0.51796875