0 0.90625 0.4640625 0.1734375 0.4078125
0 0.1515625 0.615625 0.1453125 0.3828125
0 0.203125 0.58046875 0.1375 0.340625
0 0.2484375 0.54609375 0.109375 0.29375
0 0.28515625 0.56015625 0.1046875 0.29375
0 0.3578125 0.628125 0.15 0.3546875
0 0.33359375 0.45546875 0.0703125 0.1140625
0 0.44609375 0.528125 0.1453125 0.3625
0 0.53359375 0.5359375 0.1390625 0.359375
0 0.6015625 0.54375 0.1609375 0.4
0 0.6453125 0.5015625 0.15 0.3578125
0 0.7515625 0.4921875 0.159375 0.384375
1 0.85 0.31953125 0.0578125 0.075
1 0.22734375 0.50078125 0.0671875 0.14375
1 0.29453125 0.48984375 0.0734375 0.1515625
1 0.3671875 0.475 0.0765625 0.1671875
1 0.44921875 0.459375 0.0734375 0.15
1 0.5328125 0.4390625 0.078125 0.1515625
1 0.634375 0.43203125 0.096875 0.184375
1 0.74765625 0.409375 0.1109375 0.203125