1 0.19296875 0.41953125 0.04375 0.140625
1 0.35703125 0.43984375 0.0515625 0.159375
1 0.44296875 0.44765625 0.053125 0.159375
0 0.1484375 0.48359375 0.0546875 0.259375
0 0.2265625 0.5015625 0.0484375 0.2546875
0 0.28125 0.503125 0.0625 0.3640625
0 0.32265625 0.48828125 0.0390625 0.278125
0 0.421875 0.5140625 0.0625 0.315625
0 0.515625 0.52734375 0.0625 0.3453125
0 0.62421875 0.5390625 0.0828125 0.3640625
0 0.746875 0.56171875 0.075 0.3515625
0 0.9234375 0.64296875 0.0921875 0.4
0 0.89453125 0.5734375 0.075 0.3828125
1 0.5328125 0.45703125 0.0640625 0.1734375
1 0.6421875 0.47109375 0.0625 0.1734375
1 0.26953125 0.42734375 0.053125 0.1515625
1 0.75859375 0.48125 0.0703125 0.184375
1 0.88984375 0.490625 0.071875 0.1921875