1 0.21171875 0.36796875 0.0671875 0.1453125
1 0.36953125 0.415625 0.078125 0.1640625
1 0.453125 0.4390625 0.0796875 0.1640625
0 0.15703125 0.4234375 0.0984375 0.2625
0 0.23046875 0.45390625 0.090625 0.25625
0 0.28359375 0.46484375 0.125 0.365625
0 0.32734375 0.4578125 0.0859375 0.278125
0 0.42109375 0.5 0.115625 0.3171875
0 0.51015625 0.5296875 0.1203125 0.3453125
0 0.615625 0.56015625 0.14375 0.36875
0 0.7328125 0.60390625 0.134375 0.3546875
0 0.8921875 0.7140625 0.159375 0.4046875
0 0.87578125 0.640625 0.1390625 0.3859375
1 0.53984375 0.4640625 0.0921875 0.1796875
1 0.6453125 0.496875 0.090625 0.1796875
1 0.2859375 0.38828125 0.078125 0.15625
1 0.7578125 0.52578125 0.1 0.1921875
1 0.88515625 0.55859375 0.103125 0.1984375