1 0.190625 0.43046875 0.0390625 0.13984375
1 0.3546875 0.44453125 0.04609375 0.1578125
1 0.44140625 0.45 0.04765625 0.1578125
0 0.1484375 0.49609375 0.04609375 0.25859375
0 0.2265625 0.5109375 0.0390625 0.25390625
0 0.28125 0.5109375 0.05 0.36328125
0 0.32265625 0.49453125 0.0296875 0.27734375
0 0.42265625 0.51640625 0.0515625 0.3140625
0 0.51640625 0.5265625 0.05078125 0.34296875
0 0.62578125 0.534375 0.0703125 0.3625
0 0.74921875 0.553125 0.0625 0.34921875
0 0.928125 0.628125 0.078125 0.396875
0 0.896875 0.559375 0.06171875 0.38125
1 0.53125 0.45625 0.0578125 0.171875
1 0.64140625 0.46640625 0.05625 0.17109375
1 0.2671875 0.43515625 0.0484375 0.15
1 0.7578125 0.471875 0.0640625 0.1828125
1 0.8890625 0.47734375 0.06484375 0.18984375