0 0.10703125 0.4890625 0.0359375 0.18828125
0 0.140625 0.58359375 0.04609375 0.27734375
0 0.2265625 0.575 0.05234375 0.38828125
0 0.265625 0.5375 0.04609375 0.3109375
0 0.3234375 0.56015625 0.0515625 0.33046875
0 0.36015625 0.5515625 0.04296875 0.2796875
0 0.41484375 0.59609375 0.05625 0.49140625
0 0.46171875 0.546875 0.03515625 0.2921875
0 0.58046875 0.57734375 0.04921875 0.3875
0 0.6640625 0.55234375 0.0625 0.3046875
0 0.76875 0.55703125 0.05703125 0.3078125
0 0.82265625 0.58125 0.0453125 0.359375
0 0.88203125 0.5609375 0.05703125 0.3109375
0 0.978125 0.56796875 0.04375 0.31328125
1 0.29453125 0.4765625 0.03828125 0.15
1 0.37890625 0.48125 0.0453125 0.13671875
1 0.47421875 0.484375 0.04609375 0.14765625
1 0.6609375 0.48203125 0.046875 0.1375
1 0.75703125 0.4875 0.0453125 0.1484375
1 0.84921875 0.4890625 0.0390625 0.13828125
1 0.19140625 0.48203125 0.040625 0.146875
1 0.56328125 0.4859375 0.04296875 0.13046875