0 0.903125 0.56328125 0.078125 0.4015625
0 0.13359375 0.528125 0.05390625 0.38125
0 0.1921875 0.50625 0.0578125 0.33671875
0 0.24453125 0.48359375 0.040625 0.2921875
0 0.27734375 0.50625 0.03515625 0.29375
0 0.33125 0.58984375 0.0671875 0.3484375
0 0.34921875 0.41640625 0.0453125 0.10625
0 0.440625 0.5140625 0.06015625 0.359375
0 0.52421875 0.54296875 0.05390625 0.35703125
0 0.58828125 0.5671875 0.0671875 0.39609375
0 0.640625 0.53671875 0.06640625 0.3515625
0 0.74609375 0.553125 0.06953125 0.37890625
1 0.88359375 0.409375 0.04375 0.065625
1 0.23515625 0.43515625 0.034375 0.13984375
1 0.303125 0.440625 0.03984375 0.146875
1 0.37734375 0.44375 0.03828125 0.16328125
1 0.46015625 0.4484375 0.0390625 0.1453125
1 0.546875 0.44921875 0.04453125 0.1453125
1 0.646875 0.46640625 0.05546875 0.1765625
1 0.7625 0.471875 0.06640625 0.19296875