0 0.20234375 0.490625 0.0328125 0.23828125
0 0.253125 0.50703125 0.040625 0.22734375
0 0.4140625 0.52265625 0.0546875 0.3328125
0 0.48203125 0.53125 0.06875 0.40390625
1 0.2625 0.428125 0.02890625 0.11640625
1 0.3015625 0.43984375 0.03046875 0.13984375
1 0.34609375 0.4421875 0.03515625 0.14609375
1 0.4015625 0.44296875 0.04140625 0.1484375
1 0.46953125 0.4453125 0.0453125 0.153125
1 0.546875 0.4578125 0.0546875 0.19765625
1 0.65234375 0.46015625 0.0625 0.2265625
1 0.78671875 0.47265625 0.07890625 0.25625