0 0.88359375 0.6390625 0.153125 0.409375
0 0.13515625 0.4578125 0.125 0.384375
0 0.196875 0.44765625 0.1203125 0.3421875
0 0.25234375 0.43515625 0.0953125 0.2953125
0 0.28046875 0.46328125 0.090625 0.2953125
0 0.3171875 0.55625 0.1328125 0.3546875
0 0.36796875 0.3890625 0.0640625 0.1125
0 0.4390625 0.50234375 0.128125 0.3640625
0 0.515625 0.546875 0.1203125 0.3609375
0 0.57421875 0.5828125 0.1421875 0.4015625
0 0.63125 0.5625 0.1328125 0.3578125
0 0.73125 0.59921875 0.140625 0.3859375
1 0.89375 0.484375 0.0546875 0.0734375
1 0.25234375 0.3859375 0.0609375 0.14375
1 0.31796875 0.40390625 0.0671875 0.1515625
1 0.390625 0.42109375 0.06875 0.1671875
1 0.47109375 0.44140625 0.065625 0.15
1 0.55546875 0.459375 0.071875 0.1515625
1 0.65078125 0.4953125 0.0875 0.184375
1 0.76328125 0.52265625 0.1015625 0.2015625