0 0.11484375 0.578125 0.078125 0.1921875
0 0.16875 0.6625 0.1078125 0.28125
0 0.25078125 0.634375 0.1390625 0.390625
0 0.2796875 0.5890625 0.115625 0.3140625
0 0.34140625 0.5984375 0.125 0.334375
0 0.375 0.58203125 0.1046875 0.2828125
0 0.43828125 0.6125 0.165625 0.4921875
0 0.4734375 0.55390625 0.1 0.2921875
0 0.59609375 0.55703125 0.134375 0.3890625
0 0.671875 0.5140625 0.1296875 0.3109375
0 0.775 0.4953125 0.125 0.3125
0 0.8328125 0.50625 0.125 0.3609375
0 0.8859375 0.4734375 0.125 0.315625
0 0.9625 0.4578125 0.075 0.315625
1 0.29453125 0.5234375 0.0703125 0.1546875
1 0.378125 0.50859375 0.075 0.14375
1 0.47109375 0.490625 0.078125 0.1546875
1 0.653125 0.44609375 0.0765625 0.14375
1 0.74765625 0.4296875 0.078125 0.1546875
1 0.8375 0.4109375 0.06875 0.14375
1 0.1953125 0.5515625 0.071875 0.1515625
1 0.55859375 0.471875 0.071875 0.1375