1 0.2796875 0.4671875 0.065625 0.1421875
1 0.3375 0.45234375 0.0671875 0.146875
1 0.40546875 0.4453125 0.0765625 0.1671875
1 0.4828125 0.43046875 0.0859375 0.175
1 0.578125 0.41328125 0.1 0.20625
1 0.69765625 0.39375 0.1015625 0.2140625
1 0.8328125 0.36953125 0.134375 0.2515625
0 0.1390625 0.575 0.128125 0.3265625
0 0.203125 0.59921875 0.1578125 0.371875
0 0.24921875 0.5265625 0.10625 0.271875
0 0.3125 0.53203125 0.1125 0.278125
0 0.37734375 0.5171875 0.1265625 0.3078125
0 0.45390625 0.5140625 0.146875 0.353125
0 0.534375 0.49453125 0.171875 0.41875
0 0.66796875 0.496875 0.1859375 0.4421875
0 0.815625 0.471875 0.2265625 0.528125