1 0.284375 0.44453125 0.0515625 0.1421875
1 0.34375 0.4359375 0.053125 0.146875
1 0.4109375 0.4359375 0.059375 0.1671875
1 0.48984375 0.42890625 0.06875 0.1734375
1 0.58671875 0.42265625 0.0796875 0.2046875
1 0.70703125 0.41484375 0.08125 0.2125
1 0.84453125 0.4046875 0.1109375 0.2484375
0 0.13359375 0.53671875 0.0953125 0.328125
0 0.19453125 0.5671875 0.121875 0.371875
0 0.24765625 0.5 0.0796875 0.2734375
0 0.31015625 0.5125 0.084375 0.278125
0 0.37578125 0.50390625 0.096875 0.3078125
0 0.45234375 0.509375 0.1125 0.353125
0 0.534375 0.4984375 0.13125 0.41875
0 0.66796875 0.5140625 0.14375 0.4421875
0 0.8171875 0.50546875 0.175 0.528125