0 0.06328125 0.5609375 0.0609375 0.309375
0 0.134375 0.54609375 0.04921875 0.2734375
0 0.18984375 0.52734375 0.05859375 0.26484375
0 0.22890625 0.54765625 0.03046875 0.26953125
0 0.321875 0.55234375 0.05078125 0.2859375
0 0.36796875 0.54765625 0.03828125 0.2515625
0 0.4328125 0.5328125 0.06171875 0.32421875
0 0.52421875 0.54296875 0.05 0.3078125
0 0.56796875 0.58359375 0.08046875 0.3890625
0 0.653125 0.5796875 0.0625 0.3078125
0 0.76484375 0.57890625 0.08046875 0.43515625
0 0.8078125 0.56640625 0.0578125 0.37421875
0 0.9203125 0.58125 0.08828125 0.38359375
1 0.3140625 0.47578125 0.04609375 0.1515625
1 0.38984375 0.478125 0.03828125 0.15234375
1 0.47421875 0.47890625 0.0453125 0.16015625
1 0.55546875 0.42421875 0.03046875 0.0515625
1 0.671875 0.48359375 0.04921875 0.1703125
1 0.78828125 0.478125 0.06953125 0.175
1 0.9203125 0.478125 0.07734375 0.1765625
1 0.24296875 0.4765625 0.04296875 0.14921875
0 0.2609375 0.565625 0.05859375 0.34296875