1 0.4125 0.48515625 0.0921875 0.1984375
1 0.68828125 0.53515625 0.0765625 0.1578125
1 0.76484375 0.5484375 0.0703125 0.1546875
1 0.83203125 0.56328125 0.0640625 0.1453125
1 0.16015625 0.42734375 0.11875 0.215625
1 0.29375 0.4609375 0.1140625 0.221875
0 0.08046875 0.55 0.1609375 0.51875
0 0.15546875 0.509375 0.1921875 0.43125
0 0.2765625 0.58046875 0.146875 0.428125
0 0.3125 0.62890625 0.18125 0.465625
0 0.42890625 0.6046875 0.1453125 0.38125
0 0.47421875 0.63984375 0.159375 0.4328125
0 0.5171875 0.6765625 0.1859375 0.5296875
0 0.59453125 0.5859375 0.1484375 0.38125
0 0.6296875 0.5953125 0.125 0.33125
0 0.7171875 0.63359375 0.1515625 0.3734375
0 0.7625 0.65 0.1046875 0.2921875
0 0.80625 0.5125 0.071875 0.1359375
0 0.8484375 0.62421875 0.1203125 0.2796875
0 0.88828125 0.6671875 0.1234375 0.3109375