0 0.0421875 0.47734375 0.084375 0.3203125
0 0.1375 0.47734375 0.1171875 0.278125
0 0.21328125 0.4796875 0.0828125 0.2703125
0 0.2453125 0.5015625 0.05625 0.259375
0 0.26328125 0.525 0.096875 0.340625
0 0.309375 0.41328125 0.03125 0.071875
0 0.32734375 0.53046875 0.0921875 0.29375
0 0.4046875 0.53828125 0.1078125 0.3671875
0 0.4546875 0.52578125 0.0796875 0.3140625
0 0.49609375 0.5671875 0.115625 0.3640625
0 0.54921875 0.55625 0.0921875 0.325
0 0.60859375 0.61875 0.1078125 0.35
0 0.6625 0.59921875 0.096875 0.340625
0 0.796875 0.5234375 0.103125 0.2125
0 0.8125 0.65 0.109375 0.415625
0 0.90625 0.65703125 0.128125 0.3875
1 0.9296875 0.5546875 0.0953125 0.184375
1 0.79296875 0.53125 0.08125 0.184375
1 0.6796875 0.515625 0.0796875 0.184375
1 0.57890625 0.4875 0.05625 0.1453125
1 0.4875 0.4671875 0.059375 0.146875
1 0.40546875 0.459375 0.059375 0.1515625
1 0.3375 0.45390625 0.0625 0.1546875