0 0.06171875 0.6265625 0.07578125 0.3484375
0 0.13203125 0.60546875 0.06953125 0.3125
0 0.18203125 0.6484375 0.046875 0.34921875
0 0.2234375 0.634375 0.05234375 0.32578125
0 0.28984375 0.65546875 0.04453125 0.4015625
0 0.33828125 0.63828125 0.040625 0.33046875
0 0.37421875 0.609375 0.04296875 0.2625
0 0.45625 0.61953125 0.05 0.384375
0 0.590625 0.6890625 0.05703125 0.36796875
0 0.54453125 0.5234375 0.0390625 0.14375
0 0.69296875 0.640625 0.04921875 0.32578125
0 0.6609375 0.60625 0.03984375 0.3015625
0 0.775 0.61015625 0.0515625 0.3265625
0 0.83203125 0.64375 0.05703125 0.41796875
0 0.884375 0.69453125 0.08359375 0.45625
0 0.953125 0.64375 0.05546875 0.3796875
1 0.30703125 0.53515625 0.04375 0.1515625
1 0.39375 0.5359375 0.04296875 0.15234375
1 0.4765625 0.534375 0.05 0.140625
1 0.56875 0.525 0.05390625 0.1328125
1 0.665625 0.52421875 0.05234375 0.13828125
1 0.76953125 0.53125 0.0484375 0.1296875
1 0.86875 0.53125 0.05625 0.1328125
1 0.22265625 0.53828125 0.0484375 0.15390625