0 0.046875 0.45390625 0.09375 0.3203125
0 0.1390625 0.45859375 0.1296875 0.28125
0 0.21484375 0.46484375 0.0953125 0.2703125
0 0.2453125 0.48828125 0.0703125 0.259375
0 0.26171875 0.5125 0.1140625 0.340625
0 0.3140625 0.403125 0.034375 0.0734375
0 0.3265625 0.52109375 0.1078125 0.29375
0 0.403125 0.53359375 0.1265625 0.3671875
0 0.453125 0.5234375 0.0953125 0.3125
0 0.4921875 0.5671875 0.134375 0.3640625
0 0.54609375 0.559375 0.109375 0.325
0 0.60234375 0.62421875 0.125 0.35
0 0.65703125 0.6078125 0.1140625 0.340625
0 0.79453125 0.5390625 0.1140625 0.2140625
0 0.8046875 0.665625 0.1296875 0.415625
0 0.89765625 0.678125 0.146875 0.3875
1 0.92578125 0.57734375 0.103125 0.1859375
1 0.79140625 0.54609375 0.090625 0.1859375
1 0.67890625 0.525 0.0875 0.1859375
1 0.5796875 0.49140625 0.0625 0.146875
1 0.4890625 0.4671875 0.065625 0.1484375
1 0.4078125 0.45390625 0.0671875 0.153125
1 0.33984375 0.44609375 0.06875 0.15625