0 0.93828125 0.67265625 0.1234375 0.3828125
0 0.82734375 0.6609375 0.103125 0.4046875
0 0.8515625 0.67890625 0.1625 0.4515625
0 0.775 0.640625 0.115625 0.3578125
0 0.6953125 0.6125 0.1296875 0.3859375
0 0.6375 0.615625 0.09375 0.3234375
0 0.51484375 0.65390625 0.178125 0.5265625
0 0.56171875 0.63046875 0.134375 0.4359375
0 0.43671875 0.55703125 0.1171875 0.3859375
0 0.3671875 0.575 0.1484375 0.4796875
0 0.328125 0.5140625 0.078125 0.2578125
0 0.2796875 0.559375 0.1078125 0.321875
0 0.21484375 0.5453125 0.121875 0.4375
0 0.1578125 0.5296875 0.096875 0.3296875
0 0.08515625 0.5359375 0.1359375 0.415625
1 0.19609375 0.43046875 0.071875 0.171875
1 0.2875 0.45 0.0765625 0.1734375
1 0.3765625 0.46796875 0.0765625 0.178125
1 0.4703125 0.4875 0.075 0.16875
1 0.57265625 0.50390625 0.0796875 0.1703125
1 0.68515625 0.465625 0.0484375 0.059375
1 0.80703125 0.49140625 0.0703125 0.065625
1 0.93203125 0.52421875 0.0625 0.0734375