1 0.140625 0.40546875 0.04140625 0.03671875
1 0.2125 0.45625 0.03828125 0.159375
1 0.290625 0.45703125 0.04296875 0.1734375
1 0.38203125 0.45859375 0.0515625 0.171875
1 0.47890625 0.4546875 0.046875 0.18125
1 0.58203125 0.4453125 0.04765625 0.19140625
1 0.859375 0.44453125 0.07578125 0.23984375
0 0.85390625 0.54921875 0.0984375 0.4859375
0 0.703125 0.54921875 0.06796875 0.4125
0 0.6171875 0.56171875 0.0671875 0.45390625
0 0.54140625 0.52734375 0.05 0.4046875
0 0.340625 0.52109375 0.06171875 0.3640625
0 0.24765625 0.5359375 0.05 0.31015625
0 0.18828125 0.53828125 0.04375 0.28984375
0 0.1328125 0.54609375 0.0546875 0.28671875
0 0.06875 0.52578125 0.05234375 0.30703125
1 0.709375 0.44921875 0.0796875 0.21640625