0 0.0375 0.54296875 0.05390625 0.31640625
0 0.1375 0.528125 0.0796875 0.2703125
0 0.21328125 0.51953125 0.0453125 0.2671875
0 0.24765625 0.53671875 0.02109375 0.259375
0 0.26875 0.5578125 0.05 0.3375
0 0.29921875 0.440625 0.02109375 0.0703125
0 0.33359375 0.55390625 0.053125 0.2890625
0 0.4109375 0.5515625 0.0578125 0.3625
0 0.45859375 0.53203125 0.0359375 0.31171875
0 0.50546875 0.5671875 0.0671875 0.3578125
0 0.55625 0.54921875 0.0484375 0.321875
0 0.62421875 0.60234375 0.0609375 0.3453125
0 0.675 0.57578125 0.05 0.3375
0 0.796875 0.48203125 0.07578125 0.20390625
0 0.83046875 0.6046875 0.05234375 0.4125
0 0.92421875 0.59921875 0.07578125 0.38046875
1 0.9328125 0.49453125 0.07109375 0.17578125
1 0.79453125 0.48984375 0.05703125 0.17890625
1 0.68046875 0.490625 0.0546875 0.178125
1 0.5765625 0.4765625 0.03671875 0.1421875
1 0.4828125 0.46953125 0.03984375 0.14296875
1 0.40078125 0.47265625 0.03984375 0.14765625
1 0.3328125 0.47734375 0.04140625 0.15078125