1 0.41640625 0.528125 0.0921875 0.1984375
1 0.6828125 0.4421875 0.0765625 0.1578125
1 0.75625 0.41796875 0.0703125 0.1546875
1 0.82265625 0.4 0.0640625 0.1453125
1 0.165625 0.5953125 0.11875 0.215625
1 0.3 0.56171875 0.1140625 0.221875
0 0.13046875 0.746875 0.2109375 0.50625
0 0.2 0.66953125 0.1921875 0.43125
0 0.33984375 0.67578125 0.146875 0.428125
0 0.39453125 0.7015625 0.18125 0.465625
0 0.4859375 0.62578125 0.1453125 0.38125
0 0.54296875 0.6359375 0.159375 0.4328125
0 0.5984375 0.64765625 0.1859375 0.5296875
0 0.6234375 0.53125 0.1484375 0.38125
0 0.659375 0.52265625 0.125 0.33125
0 0.7546875 0.51640625 0.1515625 0.3734375
0 0.8015625 0.509375 0.1046875 0.2921875
0 0.77578125 0.3671875 0.071875 0.1359375
0 0.865625 0.44609375 0.1203125 0.2796875
0 0.92109375 0.46484375 0.1234375 0.3109375