1 0.12890625 0.4890625 0.0484375 0.0453125
1 0.21015625 0.521875 0.0734375 0.1640625
1 0.2859375 0.50546875 0.08125 0.178125
1 0.37578125 0.4859375 0.0890625 0.1796875
1 0.46953125 0.4609375 0.0859375 0.1875
1 0.56796875 0.428125 0.0890625 0.196875
1 0.8375 0.36484375 0.128125 0.25
0 0.85625 0.46796875 0.2046875 0.4953125
0 0.709375 0.50234375 0.159375 0.4171875
0 0.628125 0.53359375 0.1671875 0.4578125
0 0.546875 0.5171875 0.1390625 0.40625
0 0.34921875 0.55625 0.1421875 0.36875
0 0.2625 0.59140625 0.11875 0.3140625
0 0.2046875 0.60703125 0.1078125 0.2921875
0 0.15234375 0.62734375 0.1171875 0.2921875
0 0.0859375 0.621875 0.1203125 0.3109375
1 0.69296875 0.403125 0.1265625 0.228125