0 0.06328125 0.5609375 0.0609375 0.309375
0 0.134375 0.54609375 0.05 0.2734375
0 0.18984375 0.52734375 0.059375 0.265625
0 0.22890625 0.54765625 0.03125 0.26875
0 0.321875 0.55234375 0.05 0.2859375
0 0.36796875 0.54765625 0.0375 0.2515625
0 0.4328125 0.5328125 0.0625 0.325
0 0.52421875 0.54296875 0.05 0.3078125
0 0.56796875 0.58359375 0.08125 0.3890625
0 0.653125 0.5796875 0.0625 0.3078125
0 0.76484375 0.57890625 0.08125 0.434375
0 0.8078125 0.56640625 0.0578125 0.375
0 0.9203125 0.58125 0.0875 0.384375
1 0.3140625 0.47578125 0.046875 0.1515625
1 0.38984375 0.478125 0.0375 0.153125
1 0.47421875 0.47890625 0.0453125 0.159375
1 0.55546875 0.42421875 0.03125 0.0515625
1 0.671875 0.48359375 0.05 0.1703125
1 0.78828125 0.478125 0.06875 0.175
1 0.9203125 0.478125 0.078125 0.1765625
1 0.24296875 0.4765625 0.04375 0.15
0 0.2609375 0.565625 0.059375 0.34375