1 0.20546875 0.45234375 0.0515625 0.15703125
1 0.3046875 0.45234375 0.0421875 0.15390625
1 0.38984375 0.44453125 0.0390625 0.14765625
1 0.48515625 0.4453125 0.053125 0.14375
1 0.5859375 0.44609375 0.0453125 0.13515625
1 0.6859375 0.45 0.04921875 0.1625
1 0.7859375 0.45703125 0.0390625 0.1578125
1 0.8984375 0.45625 0.0484375 0.1609375
0 0.0703125 0.54140625 0.04921875 0.3171875
0 0.13125 0.5296875 0.0671875 0.33125
0 0.2046875 0.53203125 0.07265625 0.3734375
0 0.27890625 0.5265625 0.05546875 0.2859375
0 0.36640625 0.5171875 0.0453125 0.30390625
0 0.4171875 0.53984375 0.065625 0.403125
0 0.5234375 0.56484375 0.0546875 0.34765625
0 0.58515625 0.52109375 0.059375 0.31171875
0 0.68984375 0.53984375 0.06015625 0.2984375
0 0.7703125 0.54375 0.05625 0.3296875
0 0.8140625 0.51328125 0.0484375 0.3265625
0 0.9234375 0.54375 0.06796875 0.303125
0 0.4796875 0.53203125 0.05234375 0.28359375