1 0.20234375 0.51953125 0.0859375 0.1640625
1 0.29921875 0.49765625 0.075 0.159375
1 0.38046875 0.47109375 0.071875 0.153125
1 0.4734375 0.45 0.084375 0.1515625
1 0.571875 0.428125 0.075 0.1421875
1 0.6703125 0.409375 0.084375 0.16875
1 0.76875 0.39375 0.0734375 0.1625
1 0.878125 0.36796875 0.0828125 0.1671875
0 0.090625 0.63671875 0.11875 0.3203125
0 0.14765625 0.61171875 0.140625 0.3375
0 0.21953125 0.59765625 0.1546875 0.3796875
0 0.290625 0.57578125 0.11875 0.290625
0 0.3734375 0.546875 0.1125 0.30625
0 0.428125 0.5578125 0.1546875 0.4078125
0 0.5375 0.5578125 0.13125 0.3515625
0 0.5875 0.5015625 0.128125 0.3171875
0 0.69375 0.49609375 0.125 0.3046875
0 0.7734375 0.48203125 0.1296875 0.334375
0 0.809375 0.4421875 0.1203125 0.3296875
0 0.92265625 0.44765625 0.134375 0.3109375
0 0.4875 0.5359375 0.1140625 0.2875