0 0.08046875 0.6359375 0.1140625 0.315625
0 0.14765625 0.60859375 0.0953125 0.278125
0 0.19921875 0.58046875 0.103125 0.2703125
0 0.24140625 0.59375 0.0765625 0.2703125
0 0.33359375 0.5828125 0.1 0.290625
0 0.378125 0.56953125 0.08125 0.2546875
0 0.43984375 0.54375 0.1171875 0.3296875
0 0.53125 0.53828125 0.103125 0.3125
0 0.58125 0.5703125 0.146875 0.396875
0 0.66484375 0.5515625 0.115625 0.3140625
0 0.77421875 0.53203125 0.1546875 0.4421875
0 0.81484375 0.51171875 0.121875 0.378125
0 0.92578125 0.50625 0.1484375 0.39375
1 0.3125 0.50859375 0.071875 0.1578125
1 0.3875 0.49765625 0.0640625 0.15625
1 0.47109375 0.48359375 0.071875 0.165625
1 0.54140625 0.415625 0.0390625 0.05625
1 0.66640625 0.45390625 0.078125 0.1765625
1 0.78046875 0.428125 0.0984375 0.184375
1 0.91015625 0.40546875 0.10625 0.1875
1 0.24296875 0.521875 0.06875 0.1546875
0 0.27578125 0.60625 0.1171875 0.3484375