1 0.13515625 0.43046875 0.04375 0.0390625
1 0.21015625 0.4765625 0.05 0.1609375
1 0.28828125 0.471875 0.0546875 0.1765625
1 0.3796875 0.4671875 0.0640625 0.175
1 0.47578125 0.45625 0.059375 0.184375
1 0.578125 0.43984375 0.0609375 0.19375
1 0.8546875 0.41953125 0.0921875 0.2453125
0 0.85625 0.52421875 0.1328125 0.4921875
0 0.70625 0.53515625 0.096875 0.415625
0 0.62109375 0.553125 0.0984375 0.4578125
0 0.54296875 0.52421875 0.078125 0.4078125
0 0.3421875 0.53203125 0.0875 0.3671875
0 0.25078125 0.553125 0.071875 0.3125
0 0.19140625 0.56015625 0.0640625 0.2921875
0 0.13671875 0.571875 0.075 0.2890625
0 0.071875 0.55546875 0.0734375 0.309375
1 0.70546875 0.434375 0.0953125 0.221875