0 0.08671875 0.69375 0.1296875 0.35625
0 0.153125 0.66171875 0.1171875 0.31875
0 0.209375 0.69609375 0.1015625 0.3515625
0 0.24765625 0.67578125 0.103125 0.3296875
0 0.31640625 0.68671875 0.10625 0.403125
0 0.36171875 0.66171875 0.0921875 0.3328125
0 0.39296875 0.62734375 0.0828125 0.265625
0 0.47578125 0.625 0.109375 0.3875
0 0.61875 0.67265625 0.1140625 0.371875
0 0.54765625 0.51640625 0.0609375 0.1484375
0 0.7125 0.60859375 0.1 0.3296875
0 0.67578125 0.5796875 0.0859375 0.3046875
0 0.7890625 0.565625 0.1015625 0.33125
0 0.85078125 0.58984375 0.121875 0.421875
0 0.91015625 0.63203125 0.1546875 0.4640625
0 0.95625 0.5703125 0.0875 0.384375
1 0.31484375 0.56484375 0.0671875 0.15625
1 0.40078125 0.55234375 0.065625 0.1578125
1 0.48203125 0.5375 0.071875 0.146875
1 0.571875 0.5140625 0.0734375 0.1390625
1 0.6671875 0.49765625 0.0734375 0.1453125
1 0.77109375 0.4890625 0.06875 0.1359375
1 0.86875 0.4734375 0.0765625 0.140625
1 0.23203125 0.58125 0.071875 0.159375