1 0.41171875 0.50703125 0.046875 0.19296875
1 0.69140625 0.48828125 0.04140625 0.15234375
1 0.76875 0.4828125 0.034375 0.15078125
1 0.8375 0.48125 0.03125 0.1421875
1 0.15234375 0.51171875 0.07109375 0.20390625
1 0.290625 0.51171875 0.06484375 0.21328125
0 0.08125 0.65625 0.0890625 0.51171875
0 0.16796875 0.5921875 0.09375 0.4203125
0 0.30234375 0.63203125 0.04375 0.43046875
0 0.34921875 0.6703125 0.07109375 0.46171875
0 0.45625 0.61875 0.0546875 0.37890625
0 0.50859375 0.6421875 0.05625 0.43203125
0 0.559375 0.6671875 0.059375 0.53125
0 0.6125 0.56015625 0.05859375 0.378125
0 0.64921875 0.5609375 0.04609375 0.3296875
0 0.74296875 0.57734375 0.06484375 0.36875
0 0.790625 0.58203125 0.034375 0.29296875
0 0.8 0.43828125 0.0421875 0.1296875
0 0.86796875 0.5359375 0.05546875 0.27421875
0 0.9171875 0.56796875 0.05078125 0.30859375