0 0.96328125 0.6015625 0.071875 0.375
0 0.8484375 0.6078125 0.040625 0.403125
0 0.875 0.621875 0.09375 0.44375
0 0.79375 0.59609375 0.0625 0.353125
0 0.71015625 0.58046875 0.071875 0.3796875
0 0.65390625 0.59296875 0.04375 0.3203125
0 0.5390625 0.65 0.0984375 0.5171875
0 0.58125 0.61953125 0.06875 0.43125
0 0.44609375 0.56640625 0.059375 0.38125
0 0.38046875 0.59453125 0.075 0.475
0 0.33203125 0.540625 0.0390625 0.2546875
0 0.29140625 0.59296875 0.059375 0.315625
0 0.225 0.5890625 0.05625 0.434375
0 0.16640625 0.5828125 0.046875 0.325
0 0.09609375 0.6 0.071875 0.409375
1 0.1890625 0.47890625 0.046875 0.1671875
1 0.28203125 0.48359375 0.05 0.1671875
1 0.37265625 0.4875 0.05 0.171875
1 0.46875 0.4921875 0.05 0.1625
1 0.57265625 0.4921875 0.053125 0.1640625
1 0.67734375 0.43671875 0.040625 0.053125
1 0.80234375 0.44375 0.0625 0.05625
1 0.93046875 0.45625 0.053125 0.065625