1 0.21640625 0.40703125 0.075 0.1625
1 0.31484375 0.42265625 0.065625 0.159375
1 0.4 0.428125 0.0609375 0.1515625
1 0.49375 0.44375 0.075 0.15
1 0.59296875 0.46015625 0.065625 0.140625
1 0.69140625 0.4796875 0.0734375 0.16875
1 0.7890625 0.50234375 0.0625 0.1625
1 0.9 0.51875 0.0734375 0.1671875
0 0.06875 0.4734375 0.0984375 0.3203125
0 0.13125 0.471875 0.11875 0.3375
0 0.203125 0.48515625 0.1296875 0.3796875
0 0.27734375 0.49140625 0.1 0.290625
0 0.365625 0.49609375 0.0921875 0.3078125
0 0.41171875 0.5265625 0.128125 0.4078125
0 0.51328125 0.56796875 0.1078125 0.3515625
0 0.58046875 0.534375 0.1078125 0.3171875
0 0.68125 0.56875 0.10625 0.3046875
0 0.76015625 0.58515625 0.1078125 0.334375
0 0.8078125 0.5625 0.0984375 0.3296875
0 0.91171875 0.609375 0.1140625 0.309375
0 0.475 0.528125 0.0953125 0.2890625