0 0.05625 0.5484375 0.1125 0.35625
0 0.11953125 0.53984375 0.1234375 0.3203125
0 0.1609375 0.590625 0.10625 0.3515625
0 0.2046875 0.584375 0.1078125 0.3296875
0 0.26640625 0.61640625 0.1140625 0.403125
0 0.31640625 0.6078125 0.096875 0.3328125
0 0.35703125 0.5859375 0.0875 0.265625
0 0.4359375 0.61015625 0.115625 0.3875
0 0.55625 0.7015625 0.1203125 0.371875
0 0.53984375 0.53046875 0.0640625 0.1484375
0 0.665625 0.671875 0.1046875 0.3296875
0 0.63984375 0.6328125 0.0921875 0.303125
0 0.7515625 0.65625 0.1078125 0.33125
0 0.80234375 0.69921875 0.128125 0.421875
0 0.84453125 0.75859375 0.1609375 0.4640625
0 0.92109375 0.7203125 0.1203125 0.3828125
1 0.30390625 0.50078125 0.06875 0.15625
1 0.3890625 0.5171875 0.06875 0.1578125
1 0.47109375 0.5296875 0.0734375 0.146875
1 0.56328125 0.53671875 0.0765625 0.140625
1 0.65859375 0.55234375 0.075 0.1453125
1 0.76015625 0.57734375 0.0703125 0.1359375
1 0.8578125 0.59453125 0.078125 0.140625
1 0.2203125 0.48984375 0.075 0.159375