1 0.153125 0.48671875 0.04375 0.15625
1 0.2359375 0.4921875 0.0484375 0.1546875
1 0.32109375 0.496875 0.0453125 0.165625
1 0.50859375 0.51015625 0.0546875 0.18125
0 0.03125 0.565625 0.0625 0.334375
0 0.10546875 0.55703125 0.0609375 0.271875
0 0.18515625 0.55859375 0.059375 0.3203125
0 0.28046875 0.565625 0.0484375 0.3265625
0 0.3640625 0.5578125 0.065625 0.375
0 0.43828125 0.60703125 0.084375 0.4140625
0 0.48203125 0.59140625 0.0546875 0.3484375
0 0.55859375 0.596875 0.05625 0.3359375
0 0.615625 0.60625 0.0609375 0.3484375
0 0.66484375 0.61171875 0.090625 0.39375
0 0.7546875 0.65546875 0.1140625 0.4234375
0 0.865625 0.4625 0.05625 0.11875
0 0.890625 0.6765625 0.1015625 0.4734375
1 0.87578125 0.51875 0.0859375 0.2
1 0.409375 0.4953125 0.0609375 0.175
1 0.6171875 0.51953125 0.0671875 0.20625
1 0.740625 0.51875 0.0734375 0.2