0 0.0640625 0.44609375 0.09375 0.2515625
0 0.1078125 0.446875 0.109375 0.2875
0 0.19453125 0.46875 0.115625 0.3015625
0 0.275 0.50234375 0.1203125 0.3078125
0 0.353125 0.55390625 0.1515625 0.4109375
0 0.46953125 0.5671875 0.1234375 0.3171875
0 0.56328125 0.61015625 0.1234375 0.3171875
0 0.67265625 0.625 0.140625 0.3640625
0 0.72890625 0.65078125 0.1640625 0.403125
0 0.815625 0.66015625 0.1609375 0.4015625
1 0.16484375 0.4 0.0796875 0.159375
1 0.2453125 0.42265625 0.0734375 0.16875
1 0.32265625 0.44765625 0.0734375 0.165625
1 0.40625 0.46875 0.0921875 0.175
1 0.50234375 0.49453125 0.0859375 0.171875
1 0.59921875 0.521875 0.09375 0.1796875
1 0.7125 0.54765625 0.090625 0.171875
1 0.83125 0.57890625 0.1 0.178125