1 0.153125 0.4984375 0.0390625 0.1546875
1 0.2359375 0.5015625 0.04296875 0.153125
1 0.32109375 0.503125 0.03984375 0.1640625
1 0.50859375 0.51015625 0.04921875 0.1796875
0 0.03046875 0.5828125 0.0578125 0.33203125
0 0.1078125 0.57109375 0.05234375 0.26953125
0 0.1875 0.56953125 0.04765625 0.31953125
0 0.2828125 0.5734375 0.0375 0.325
0 0.36640625 0.5625 0.053125 0.37265625
0 0.4421875 0.609375 0.0703125 0.4125
0 0.48515625 0.5921875 0.0421875 0.34765625
0 0.56171875 0.59453125 0.04453125 0.334375
0 0.61953125 0.60234375 0.0484375 0.346875
0 0.66875 0.60625 0.0765625 0.39140625
0 0.76015625 0.64609375 0.1 0.4203125
0 0.8640625 0.45 0.0515625 0.11640625
0 0.896875 0.6625 0.0859375 0.47109375
1 0.8765625 0.50546875 0.07890625 0.19765625
1 0.409375 0.4984375 0.0546875 0.1734375
1 0.61796875 0.515625 0.06015625 0.20390625
1 0.74140625 0.51015625 0.0671875 0.1984375