0 0.0453125 0.521875 0.05625 0.3015625
0 0.1046875 0.4859375 0.05859375 0.3171875
0 0.19921875 0.521875 0.05 0.2953125
0 0.184375 0.40390625 0.0578125 0.1265625
0 0.2671875 0.50703125 0.0578125 0.35546875
0 0.35234375 0.69296875 0.1140625 0.6140625
0 0.36640625 0.3828125 0.06640625 0.13984375
0 0.44921875 0.5046875 0.06015625 0.31796875
0 0.51015625 0.55546875 0.0578125 0.31328125
0 0.5578125 0.5171875 0.04609375 0.3234375
0 0.63125 0.559375 0.06640625 0.40390625
0 0.66171875 0.5421875 0.05 0.340625
0 0.8125 0.578125 0.07265625 0.41796875
0 0.9453125 0.565625 0.08359375 0.38046875
0 0.7984375 0.484375 0.084375 0.290625
1 0.9484375 0.45625 0.07421875 0.1984375
1 0.80703125 0.45 0.071875 0.1828125
1 0.68359375 0.45 0.05703125 0.18203125
1 0.571875 0.44296875 0.05234375 0.175
1 0.47265625 0.43359375 0.04921875 0.165625
1 0.3859375 0.43203125 0.04921875 0.16328125
1 0.30859375 0.415625 0.0390625 0.13046875
1 0.22890625 0.421875 0.034375 0.14375