1 0.1828125 0.4765625 0.0453125 0.14375
1 0.53828125 0.471875 0.04375 0.1390625
1 0.81640625 0.46328125 0.0453125 0.153125
0 0.075 0.55625 0.06875 0.2859375
0 0.14921875 0.54140625 0.0640625 0.278125
0 0.2625 0.53671875 0.071875 0.28125
0 0.32734375 0.54296875 0.0578125 0.33125
0 0.3609375 0.540625 0.0359375 0.259375
0 0.4328125 0.53359375 0.040625 0.290625
0 0.478125 0.54609375 0.053125 0.3359375
0 0.53671875 0.5375 0.04375 0.253125
0 0.62265625 0.525 0.04375 0.2875
0 0.66640625 0.5625 0.0515625 0.3234375
0 0.72578125 0.5265625 0.0375 0.2828125
0 0.7671875 0.546875 0.05625 0.328125
0 0.8375 0.5296875 0.05 0.2609375
0 0.88828125 0.53515625 0.065625 0.34375
1 0.2671875 0.475 0.0578125 0.14375
1 0.36015625 0.475 0.0453125 0.1421875
1 0.4453125 0.4703125 0.0484375 0.1453125
1 0.628125 0.46484375 0.0453125 0.14375
1 0.7203125 0.4671875 0.05 0.1453125