0 0.059375 0.5234375 0.0546875 0.30703125
0 0.16953125 0.5390625 0.03515625 0.2953125
0 0.21328125 0.55546875 0.0640625 0.38671875
0 0.27734375 0.53984375 0.0390625 0.31484375
0 0.31171875 0.5796875 0.0453125 0.37890625
0 0.3765625 0.5453125 0.05078125 0.36171875
0 0.45546875 0.6 0.0765625 0.45625
0 0.51875 0.59375 0.04453125 0.3609375
0 0.59765625 0.609375 0.05703125 0.38828125
0 0.62265625 0.55234375 0.0515625 0.371875
0 0.74140625 0.61015625 0.1 0.446875
0 0.94609375 0.61171875 0.0890625 0.528125
0 0.88359375 0.57421875 0.0734375 0.4203125
1 0.121875 0.45859375 0.04921875 0.1625
1 0.2125 0.45859375 0.05390625 0.15390625
1 0.4046875 0.46015625 0.05390625 0.153125
1 0.51328125 0.4703125 0.0546875 0.1671875
1 0.62109375 0.47109375 0.06171875 0.165625
1 0.7453125 0.48359375 0.06171875 0.17734375
1 0.87421875 0.4875 0.0515625 0.19453125
0 0.025 0.53203125 0.04921875 0.28828125