0 0.05859375 0.4109375 0.1171875 0.30625
0 0.11953125 0.390625 0.1328125 0.321875
0 0.203125 0.4484375 0.1203125 0.2984375
0 0.2171875 0.33046875 0.0859375 0.1375
0 0.27265625 0.45078125 0.1421875 0.359375
0 0.31015625 0.6515625 0.259375 0.6234375
0 0.3984375 0.35390625 0.0984375 0.1515625
0 0.44921875 0.4921875 0.1359375 0.3234375
0 0.49609375 0.55625 0.13125 0.3171875
0 0.5515625 0.53046875 0.1234375 0.325
0 0.61328125 0.5890625 0.1625 0.4078125
0 0.646875 0.5796875 0.13125 0.3421875
0 0.784375 0.6515625 0.171875 0.4234375
0 0.91484375 0.67109375 0.1703125 0.3890625
0 0.79296875 0.55703125 0.1515625 0.303125
1 0.9421875 0.56640625 0.115625 0.2109375
1 0.81015625 0.52578125 0.1140625 0.1953125
1 0.690625 0.49609375 0.1 0.190625
1 0.58359375 0.46171875 0.09375 0.1828125
1 0.48984375 0.42890625 0.0875 0.171875
1 0.40546875 0.40625 0.0875 0.1703125
1 0.334375 0.371875 0.06875 0.1359375
1 0.25546875 0.35859375 0.06875 0.1484375