0 0.07265625 0.56171875 0.0796875 0.39765625
0 0.1234375 0.52890625 0.0453125 0.29609375
0 0.209375 0.5375 0.059375 0.30234375
0 0.29609375 0.54375 0.05078125 0.3078125
0 0.3515625 0.57109375 0.06640625 0.3703125
0 0.39453125 0.5546875 0.03359375 0.3
0 0.44375 0.5921875 0.0625 0.3515625
0 0.49921875 0.56015625 0.05 0.31953125
0 0.5765625 0.58125 0.08671875 0.384375
0 0.703125 0.5671875 0.06171875 0.35625
0 0.76171875 0.58046875 0.06328125 0.39375
0 0.84609375 0.4265625 0.05 0.10546875
0 0.8671875 0.4734375 0.07578125 0.16953125
0 0.92109375 0.6875 0.1546875 0.625
1 0.1625 0.47265625 0.04296875 0.1484375
1 0.24921875 0.478125 0.0390625 0.159375
1 0.32890625 0.47421875 0.04296875 0.15546875
1 0.41328125 0.4796875 0.05 0.15234375
1 0.51015625 0.48671875 0.05078125 0.16640625
1 0.615625 0.49296875 0.05078125 0.17421875
1 0.72890625 0.49140625 0.06484375 0.17890625
1 0.8484375 0.4890625 0.06484375 0.18125