0 0.078125 0.6296875 0.1265625 0.3109375
0 0.1890625 0.61796875 0.10625 0.2953125
0 0.23515625 0.6234375 0.15625 0.390625
0 0.29375 0.5921875 0.1140625 0.315625
0 0.33671875 0.62265625 0.1359375 0.378125
0 0.39140625 0.57421875 0.1375 0.3625
0 0.48125 0.6078125 0.184375 0.4609375
0 0.540625 0.58671875 0.13125 0.3609375
0 0.62109375 0.5828125 0.15 0.390625
0 0.63203125 0.52109375 0.140625 0.3734375
0 0.7609375 0.5484375 0.2046875 0.4578125
0 0.9265625 0.5 0.146875 0.534375
0 0.88984375 0.47890625 0.1734375 0.425
1 0.1234375 0.5515625 0.0875 0.1703125
1 0.2109375 0.5296875 0.0890625 0.1625
1 0.39765625 0.484375 0.0890625 0.1609375
1 0.50546875 0.46796875 0.09375 0.175
1 0.61015625 0.44296875 0.1 0.175
1 0.734375 0.425 0.103125 0.1875
1 0.86015625 0.39765625 0.096875 0.2015625
0 0.05234375 0.64609375 0.1046875 0.2921875