0 0.06328125 0.5453125 0.03828125 0.25
0 0.10625 0.53671875 0.04609375 0.28515625
0 0.1953125 0.53828125 0.05 0.2984375
0 0.28125 0.553125 0.05390625 0.303125
0 0.36875 0.5859375 0.0609375 0.4078125
0 0.48515625 0.57265625 0.05390625 0.31328125
0 0.58671875 0.59296875 0.05390625 0.3125
0 0.69609375 0.5828125 0.0609375 0.36015625
0 0.75703125 0.5953125 0.0765625 0.39609375
0 0.84375 0.58515625 0.07421875 0.3953125
1 0.15078125 0.478125 0.04609375 0.15234375
1 0.234375 0.48203125 0.03671875 0.1640625
1 0.315625 0.4890625 0.03828125 0.16171875
1 0.4015625 0.490625 0.05625 0.1671875
1 0.50078125 0.49453125 0.04921875 0.165625
1 0.6015625 0.49921875 0.05625 0.17109375
1 0.71796875 0.4984375 0.05546875 0.1640625
1 0.840625 0.50234375 0.06328125 0.16796875