1 0.15390625 0.47421875 0.05 0.1578125
1 0.23671875 0.4828125 0.053125 0.15625
1 0.32109375 0.490625 0.0515625 0.1671875
1 0.5078125 0.5109375 0.0609375 0.1828125
0 0.0328125 0.54921875 0.065625 0.3359375
0 0.10390625 0.54375 0.0703125 0.271875
0 0.18359375 0.54765625 0.0703125 0.321875
0 0.278125 0.5578125 0.059375 0.3265625
0 0.3625 0.553125 0.0796875 0.375
0 0.434375 0.6046875 0.0984375 0.415625
0 0.47890625 0.590625 0.065625 0.35
0 0.5546875 0.5984375 0.0671875 0.3359375
0 0.61171875 0.61015625 0.071875 0.35
0 0.6609375 0.61796875 0.103125 0.3953125
0 0.74921875 0.6640625 0.1296875 0.4265625
0 0.86640625 0.47578125 0.059375 0.1203125
0 0.884375 0.68984375 0.11875 0.4765625
1 0.875 0.53203125 0.0921875 0.203125
1 0.409375 0.4921875 0.0671875 0.1765625
1 0.61640625 0.5234375 0.075 0.2078125
1 0.73984375 0.52734375 0.08125 0.203125