1 0.228125 0.4703125 0.0390625 0.14375
1 0.30703125 0.4734375 0.0453125 0.1421875
1 0.46796875 0.478125 0.0484375 0.1609375
1 0.55859375 0.475 0.0515625 0.1609375
1 0.66640625 0.46171875 0.0453125 0.1421875
1 0.77578125 0.46875 0.0484375 0.1671875
1 0.89296875 0.4796875 0.0609375 0.1875
0 0.19296875 0.53359375 0.0765625 0.278125
0 0.271875 0.54375 0.05625 0.2640625
0 0.3453125 0.53359375 0.0546875 0.3125
0 0.39453125 0.55703125 0.0703125 0.378125
0 0.44609375 0.54140625 0.0515625 0.28125
0 0.49140625 0.5796875 0.0640625 0.3234375
0 0.54609375 0.54140625 0.0703125 0.315625
0 0.6421875 0.55703125 0.0578125 0.309375
0 0.7203125 0.56796875 0.06875 0.3515625
0 0.77890625 0.54765625 0.0765625 0.3546875
0 0.89921875 0.5671875 0.0796875 0.3453125