1 0.22890625 0.465625 0.0359375 0.14375
1 0.3078125 0.4703125 0.04296875 0.14140625
1 0.46796875 0.47734375 0.0453125 0.1609375
1 0.559375 0.47578125 0.04921875 0.159375
1 0.6671875 0.46484375 0.04296875 0.1421875
1 0.7765625 0.4734375 0.0453125 0.1671875
1 0.89296875 0.48671875 0.05703125 0.1859375
0 0.1921875 0.528125 0.071875 0.2765625
0 0.27109375 0.53984375 0.05234375 0.2625
0 0.34453125 0.53125 0.04921875 0.31171875
0 0.39375 0.55546875 0.0640625 0.37734375
0 0.4453125 0.540625 0.046875 0.28125
0 0.48984375 0.5796875 0.05859375 0.32265625
0 0.5453125 0.5421875 0.0640625 0.3140625
0 0.64140625 0.559375 0.05234375 0.30859375
0 0.71875 0.571875 0.06328125 0.35078125
0 0.778125 0.55234375 0.07109375 0.353125
0 0.89765625 0.57421875 0.0734375 0.34375