0 0.078125 0.59140625 0.1078125 0.4015625
0 0.1265625 0.55546875 0.065625 0.2984375
0 0.2125 0.5578125 0.0796875 0.30625
0 0.3 0.5578125 0.071875 0.3109375
0 0.35703125 0.58125 0.0921875 0.3734375
0 0.3984375 0.56171875 0.0546875 0.3015625
0 0.45 0.59609375 0.0875 0.3546875
0 0.503125 0.56015625 0.071875 0.321875
0 0.58203125 0.57578125 0.1140625 0.3890625
0 0.70703125 0.553125 0.0859375 0.359375
0 0.76640625 0.56171875 0.090625 0.396875
0 0.83984375 0.40234375 0.0578125 0.109375
0 0.8640625 0.44765625 0.0875 0.175
0 0.91640625 0.6578125 0.1671875 0.634375
1 0.16171875 0.49609375 0.053125 0.1515625
1 0.2484375 0.4953125 0.05 0.1609375
1 0.32734375 0.4859375 0.053125 0.1578125
1 0.41171875 0.4859375 0.0609375 0.1546875
1 0.509375 0.4859375 0.0625 0.1703125
1 0.61484375 0.48515625 0.0625 0.1765625
1 0.728125 0.47578125 0.0765625 0.1828125
1 0.846875 0.46484375 0.0765625 0.1859375