0 0.071875 0.60703125 0.1125 0.3125
0 0.1828125 0.6015625 0.090625 0.296875
0 0.22890625 0.609375 0.1359375 0.3921875
0 0.2890625 0.58125 0.0984375 0.3171875
0 0.33046875 0.6140625 0.1171875 0.38125
0 0.3875 0.56796875 0.11875 0.3640625
0 0.475 0.60703125 0.1625 0.4625
0 0.5359375 0.58828125 0.1125 0.3625
0 0.61640625 0.5890625 0.1296875 0.3921875
0 0.63046875 0.528125 0.121875 0.375
0 0.7578125 0.56171875 0.1828125 0.4578125
0 0.9328125 0.52421875 0.134375 0.5359375
0 0.890625 0.5 0.1515625 0.4265625
1 0.12109375 0.53125 0.0796875 0.16875
1 0.21015625 0.5140625 0.0828125 0.1609375
1 0.39921875 0.47890625 0.0828125 0.1609375
1 0.50703125 0.46796875 0.0859375 0.175
1 0.61328125 0.4484375 0.0921875 0.175
1 0.7375 0.43671875 0.09375 0.1859375
1 0.86484375 0.41640625 0.0875 0.2015625
0 0.0453125 0.62109375 0.090625 0.2921875