1 0.19140625 0.421875 0.06875 0.1484375
1 0.54296875 0.47890625 0.06875 0.1453125
1 0.81796875 0.51875 0.0703125 0.1578125
0 0.071875 0.48125 0.1171875 0.29375
0 0.14765625 0.4796875 0.1109375 0.2859375
0 0.259375 0.49453125 0.1203125 0.2890625
0 0.32265625 0.5125 0.1140625 0.3375
0 0.35625 0.515625 0.0796875 0.2609375
0 0.428125 0.52109375 0.090625 0.29375
0 0.4703125 0.54140625 0.1109375 0.340625
0 0.5296875 0.54296875 0.0875 0.25625
0 0.61640625 0.54609375 0.0921875 0.2890625
0 0.653125 0.590625 0.10625 0.328125
0 0.71796875 0.565625 0.0859375 0.284375
0 0.7546875 0.5921875 0.1109375 0.3328125
0 0.82734375 0.5875 0.09375 0.265625
0 0.8765625 0.60234375 0.125 0.35
1 0.275 0.43515625 0.08125 0.1515625
1 0.36640625 0.45078125 0.06875 0.1484375
1 0.4515625 0.4609375 0.0734375 0.1515625
1 0.63203125 0.4875 0.0703125 0.15
1 0.72265625 0.50625 0.0734375 0.1515625