0 0.04921875 0.56171875 0.0828125 0.3046875
0 0.1046875 0.5203125 0.0859375 0.3203125
0 0.20234375 0.54765625 0.075 0.2984375
0 0.17734375 0.43203125 0.06875 0.13125
0 0.26875 0.52734375 0.0890625 0.359375
0 0.36953125 0.696875 0.1671875 0.60625
0 0.35703125 0.39453125 0.078125 0.1453125
0 0.45 0.509375 0.0875 0.321875
0 0.51484375 0.5546875 0.084375 0.3171875
0 0.559375 0.51171875 0.0734375 0.3265625
0 0.6359375 0.54765625 0.1015625 0.4078125
0 0.66484375 0.528125 0.0796875 0.34375
0 0.81796875 0.55078125 0.109375 0.4234375
0 0.9453125 0.52578125 0.109375 0.3859375
0 0.79609375 0.45859375 0.109375 0.296875
1 0.94296875 0.4171875 0.090625 0.2046875
1 0.8015625 0.4234375 0.0875 0.1890625
1 0.67890625 0.434375 0.0734375 0.1859375
1 0.56640625 0.43671875 0.0671875 0.178125
1 0.4671875 0.4359375 0.0640625 0.16875
1 0.38046875 0.4421875 0.0625 0.1671875
1 0.30234375 0.4328125 0.05 0.1328125
1 0.2234375 0.44609375 0.046875 0.146875