0 0.075 0.5765625 0.09375 0.4
0 0.125 0.5421875 0.05625 0.296875
0 0.2109375 0.54765625 0.0703125 0.3046875
0 0.29765625 0.55078125 0.0609375 0.309375
0 0.35390625 0.5765625 0.0796875 0.371875
0 0.396875 0.55859375 0.04375 0.3015625
0 0.446875 0.59375 0.075 0.353125
0 0.5015625 0.56015625 0.0609375 0.3203125
0 0.5796875 0.57890625 0.1 0.3875
0 0.70546875 0.56015625 0.0734375 0.3578125
0 0.7640625 0.57109375 0.0765625 0.3953125
0 0.84296875 0.41484375 0.053125 0.1078125
0 0.86640625 0.4609375 0.08125 0.171875
0 0.91953125 0.67265625 0.1609375 0.6296875
1 0.16171875 0.484375 0.0484375 0.15
1 0.2484375 0.48671875 0.0453125 0.1609375
1 0.328125 0.48046875 0.0484375 0.15625
1 0.4125 0.4828125 0.0546875 0.1546875
1 0.509375 0.48671875 0.05625 0.16875
1 0.615625 0.4890625 0.05625 0.1765625
1 0.728125 0.48359375 0.0703125 0.18125
1 0.84765625 0.4765625 0.071875 0.1828125