1 0.2265625 0.49921875 0.053125 0.146875
1 0.30546875 0.49375 0.059375 0.1453125
1 0.465625 0.48125 0.0640625 0.165625
1 0.55625 0.46875 0.06875 0.1640625
1 0.66171875 0.44453125 0.059375 0.146875
1 0.77109375 0.43984375 0.065625 0.171875
1 0.88828125 0.4390625 0.0796875 0.1921875
0 0.19765625 0.565625 0.1046875 0.2828125
0 0.27734375 0.5671875 0.084375 0.2671875
0 0.34921875 0.55 0.0875 0.315625
0 0.4015625 0.56796875 0.109375 0.3828125
0 0.45078125 0.546875 0.08125 0.284375
0 0.5 0.58046875 0.096875 0.328125
0 0.55 0.53671875 0.1015625 0.31875
0 0.64765625 0.54140625 0.0890625 0.3125
0 0.72578125 0.54453125 0.10625 0.35625
0 0.7828125 0.51796875 0.1140625 0.359375
0 0.90390625 0.525 0.1140625 0.35