0 0.78046875 0.4625 0.0328125 0.2609375
0 0.74296875 0.4765625 0.0546875 0.3359375
0 0.56796875 0.47890625 0.04375 0.26484375
0 0.6328125 0.4859375 0.0484375 0.28359375
0 0.196875 0.54921875 0.075 0.44375
0 0.225 0.42109375 0.06484375 0.12734375
0 0.36015625 0.50390625 0.0484375 0.3078125
0 0.31015625 0.57421875 0.06796875 0.4296875
0 0.4296875 0.53515625 0.0578125 0.35234375
0 0.49296875 0.54375 0.06640625 0.36953125
1 0.16015625 0.46171875 0.05390625 0.18671875
1 0.31953125 0.459375 0.0484375 0.1875
1 0.43125 0.45234375 0.04140625 0.17734375
1 0.53203125 0.43203125 0.02890625 0.1296875
1 0.60078125 0.4265625 0.03125 0.1140625