0 0.08984375 0.5078125 0.06484375 0.38125
0 0.1390625 0.4703125 0.0421875 0.27734375
0 0.18359375 0.51328125 0.06484375 0.41953125
0 0.2890625 0.503125 0.06796875 0.32421875
0 0.378125 0.52421875 0.07890625 0.3734375
0 0.45 0.50625 0.07109375 0.32109375
0 0.553125 0.51640625 0.075 0.38203125
0 0.61796875 0.496875 0.05546875 0.334375
1 0.7640625 0.44140625 0.04765625 0.171875
1 0.609375 0.44296875 0.05234375 0.16953125
1 0.44609375 0.4390625 0.053125 0.16640625
1 0.3203125 0.4359375 0.0421875 0.16328125
1 0.16875 0.44375 0.0421875 0.17578125