0 0.09765625 0.590625 0.059375 0.409375
0 0.14375 0.55703125 0.04921875 0.37578125
0 0.23046875 0.57578125 0.08359375 0.48203125
0 0.31875 0.59765625 0.0765625 0.53671875
0 0.421875 0.565625 0.06796875 0.38359375
0 0.490625 0.56015625 0.05703125 0.371875
0 0.546875 0.5171875 0.04609375 0.284375
0 0.61328125 0.5203125 0.05390625 0.31796875
0 0.7390625 0.53515625 0.06640625 0.3359375
0 0.81484375 0.52734375 0.08125 0.36875
0 0.915625 0.5515625 0.08125 0.3828125
1 0.50234375 0.45234375 0.03984375 0.14140625
1 0.5875 0.4546875 0.03203125 0.13671875
1 0.38984375 0.46015625 0.0453125 0.16640625
1 0.271875 0.45 0.04296875 0.16015625
1 0.0984375 0.45546875 0.06015625 0.17265625