0 0.2390625 0.64765625 0.1546875 0.4578125
0 0.32890625 0.63671875 0.1625 0.4859375
0 0.39296875 0.61015625 0.1359375 0.4046875
0 0.4625 0.63203125 0.159375 0.478125
0 0.53125 0.57265625 0.1359375 0.3578125
0 0.615625 0.5671875 0.1265625 0.3734375
0 0.72578125 0.6328125 0.134375 0.415625
0 0.74140625 0.5203125 0.1 0.3171875
0 0.80390625 0.540625 0.1203125 0.3625
0 0.8984375 0.5359375 0.146875 0.415625
0 0.9078125 0.47890625 0.0859375 0.2578125
1 0.32734375 0.51640625 0.090625 0.184375
1 0.4734375 0.484375 0.075 0.159375
1 0.590625 0.46796875 0.0734375 0.1625
1 0.68515625 0.4421875 0.0640625 0.1546875
1 0.76328125 0.421875 0.05625 0.1328125