0 0.2 0.55234375 0.1078125 0.4015625
0 0.3 0.55 0.1125 0.3875
0 0.35 0.578125 0.10625 0.4234375
0 0.3875 0.540625 0.0875 0.3640625
0 0.46953125 0.54765625 0.109375 0.3875
0 0.51796875 0.5828125 0.090625 0.390625
0 0.55859375 0.54453125 0.071875 0.3390625
0 0.5984375 0.53984375 0.0671875 0.3046875
0 0.66015625 0.5515625 0.09375 0.3734375
0 0.75078125 0.54609375 0.0734375 0.296875
1 0.1859375 0.4484375 0.08125 0.2171875
1 0.34296875 0.45625 0.0609375 0.196875
1 0.45703125 0.4578125 0.0578125 0.1671875
1 0.565625 0.4609375 0.0515625 0.159375
1 0.6515625 0.4625 0.0546875 0.1546875