0 0.10625 0.6015625 0.07890625 0.40234375
0 0.1515625 0.56484375 0.0765625 0.33984375
0 0.303125 0.5515625 0.053125 0.265625
0 0.3203125 0.56484375 0.05859375 0.29765625
0 0.43125 0.52890625 0.0578125 0.29609375
0 0.4578125 0.5296875 0.05 0.2796875
0 0.57890625 0.5078125 0.04609375 0.275
0 0.6109375 0.53828125 0.06875 0.271875
0 0.70234375 0.52578125 0.06953125 0.26875
0 0.7421875 0.5359375 0.06171875 0.30078125
1 0.15546875 0.47421875 0.04765625 0.15546875
1 0.30703125 0.4640625 0.04609375 0.13515625
1 0.4375 0.45234375 0.040625 0.1265625
1 0.565625 0.45703125 0.03984375 0.13203125
1 0.67890625 0.4515625 0.03828125 0.13125