0 0.2171875 0.6 0.07734375 0.4515625
0 0.3078125 0.6046875 0.08125 0.47890625
0 0.37578125 0.58984375 0.0671875 0.3984375
0 0.43984375 0.6234375 0.07890625 0.471875
0 0.51796875 0.5765625 0.07578125 0.34921875
0 0.60234375 0.5859375 0.0640625 0.36796875
0 0.69921875 0.6703125 0.06328125 0.4109375
0 0.734375 0.56171875 0.04609375 0.31328125
0 0.7921875 0.59296875 0.059375 0.35703125
0 0.8859375 0.6046875 0.0765625 0.4078125
0 0.90546875 0.55 0.04296875 0.2546875
1 0.32734375 0.4859375 0.06015625 0.1765625
1 0.4765625 0.4796875 0.04921875 0.153125
1 0.59453125 0.484375 0.046875 0.15625
1 0.6921875 0.475 0.0390625 0.15
1 0.77265625 0.46875 0.03515625 0.128125