0 0.23125 0.68203125 0.115625 0.525
0 0.29140625 0.6515625 0.096875 0.5046875
0 0.44296875 0.65859375 0.175 0.6578125
0 0.5484375 0.6046875 0.1234375 0.4453125
0 0.65390625 0.5234375 0.1015625 0.340625
0 0.696875 0.53359375 0.0640625 0.2984375
0 0.7484375 0.50390625 0.0578125 0.259375
0 0.81015625 0.52734375 0.1140625 0.3625
0 0.896875 0.478125 0.08125 0.325
0 0.95625 0.478125 0.08125 0.34375
1 0.19375 0.55078125 0.1046875 0.2875
1 0.38359375 0.50703125 0.0765625 0.228125
1 0.5125 0.4890625 0.0640625 0.2140625
1 0.61796875 0.46171875 0.0546875 0.1734375
1 0.70234375 0.44375 0.046875 0.15625