0 0.04453125 0.47890625 0.05859375 0.3421875
0 0.1140625 0.46640625 0.0546875 0.32578125
0 0.19609375 0.49140625 0.071875 0.37578125
0 0.253125 0.478125 0.04296875 0.31015625
0 0.296875 0.4828125 0.04296875 0.275
0 0.353125 0.48359375 0.06796875 0.46171875
0 0.4109375 0.475 0.04765625 0.340625
0 0.46484375 0.465625 0.05703125 0.37734375
0 0.6 0.49921875 0.078125 0.37109375
0 0.715625 0.496875 0.0765625 0.3609375
0 0.796875 0.49296875 0.06640625 0.375
1 0.13828125 0.4 0.0515625 0.171875
1 0.29296875 0.396875 0.0453125 0.16953125
1 0.4453125 0.40390625 0.04765625 0.17265625
1 0.6078125 0.4046875 0.05234375 0.171875
1 0.7734375 0.41015625 0.04921875 0.18046875