0 0.0984375 0.6 0.1265625 0.359375
0 0.17890625 0.5734375 0.1390625 0.353125
0 0.2640625 0.5671875 0.1484375 0.36875
0 0.325 0.5484375 0.109375 0.29375
0 0.47265625 0.525 0.1203125 0.3109375
0 0.60234375 0.4953125 0.10625 0.2890625
0 0.7421875 0.46640625 0.1125 0.2765625
0 0.86484375 0.4984375 0.159375 0.4359375
1 0.14609375 0.51015625 0.0828125 0.178125
1 0.30625 0.4859375 0.0734375 0.1703125
1 0.44140625 0.45234375 0.071875 0.1625
1 0.5859375 0.43046875 0.071875 0.1578125
1 0.6984375 0.40078125 0.0640625 0.1453125