0 0.228125 0.6390625 0.171875 0.4109375
0 0.16171875 0.6453125 0.1359375 0.3265625
0 0.34140625 0.571875 0.13125 0.3125
0 0.40078125 0.56953125 0.1546875 0.36875
0 0.45703125 0.5390625 0.1 0.2609375
0 0.4921875 0.52421875 0.1125 0.2734375
0 0.59140625 0.48359375 0.0953125 0.2546875
0 0.6796875 0.4609375 0.1015625 0.24375
1 0.15390625 0.53984375 0.090625 0.1859375
1 0.31171875 0.49765625 0.0875 0.1671875
1 0.4296875 0.47109375 0.0734375 0.1515625
1 0.540625 0.43828125 0.0671875 0.1375
1 0.6296875 0.41328125 0.0640625 0.134375