0 0.06328125 0.4859375 0.1265625 0.353125
0 0.13203125 0.465625 0.1046875 0.3328125
0 0.30390625 0.5140625 0.10625 0.35625
0 0.4046875 0.48046875 0.090625 0.2984375
0 0.48125 0.55390625 0.1140625 0.3828125
0 0.54140625 0.515625 0.1125 0.35
0 0.60078125 0.50859375 0.078125 0.2796875
0 0.65703125 0.52578125 0.1015625 0.3375
0 0.70234375 0.50078125 0.0703125 0.253125
0 0.75234375 0.5234375 0.0765625 0.2609375
0 0.8203125 0.50625 0.103125 0.334375
1 0.43515625 0.42109375 0.065625 0.1578125
1 0.30703125 0.40859375 0.06875 0.1546875
1 0.1515625 0.403125 0.084375 0.178125
1 0.57578125 0.42109375 0.05625 0.134375
1 0.68828125 0.42890625 0.0546875 0.1359375
0 0.0828125 0.490625 0.128125 0.40625