0 0.19921875 0.675 0.11875 0.3796875
0 0.27578125 0.67265625 0.128125 0.40625
0 0.3578125 0.6359375 0.0921875 0.3328125
0 0.42421875 0.646875 0.09375 0.290625
0 0.47578125 0.60390625 0.0953125 0.28125
0 0.534375 0.6078125 0.0921875 0.296875
0 0.5796875 0.58046875 0.075 0.2671875
0 0.625 0.5765625 0.0671875 0.2515625
0 0.69140625 0.5671875 0.0875 0.28125
0 0.6515625 0.56640625 0.059375 0.2296875
0 0.75546875 0.5609375 0.09375 0.3328125
1 0.159375 0.59140625 0.078125 0.2015625
1 0.3125 0.5625 0.071875 0.178125
1 0.42578125 0.53984375 0.0609375 0.1609375
1 0.52890625 0.51875 0.053125 0.14375
1 0.61171875 0.5078125 0.046875 0.1375