0 0.07109375 0.653125 0.1421875 0.5296875
0 0.3171875 0.59296875 0.1203125 0.3984375
0 0.51796875 0.58125 0.0828125 0.3640625
0 0.48046875 0.596875 0.0109375 0.003125
0 0.58828125 0.60703125 0.0875 0.3984375
0 0.65546875 0.6 0.09375 0.4328125
0 0.74375 0.57265625 0.0953125 0.3984375
0 0.86953125 0.55546875 0.096875 0.3453125
1 0.1171875 0.5109375 0.0828125 0.2171875
1 0.32265625 0.4828125 0.075 0.1875
1 0.50625 0.49296875 0.0671875 0.203125
1 0.690625 0.48203125 0.0609375 0.20625
1 0.859375 0.4734375 0.0671875 0.2046875