0 0.15859375 0.590625 0.1203125 0.4015625
0 0.25234375 0.61640625 0.1421875 0.459375
0 0.32734375 0.653125 0.14375 0.5125
0 0.38984375 0.70078125 0.153125 0.5125
0 0.49921875 0.62734375 0.1359375 0.403125
0 0.546875 0.47734375 0.040625 0.0890625
0 0.5921875 0.56796875 0.0828125 0.2640625
0 0.640625 0.5953125 0.084375 0.278125
0 0.690625 0.61953125 0.1078125 0.325
0 0.7671875 0.6734375 0.115625 0.403125
0 0.8078125 0.6140625 0.09375 0.2984375
1 0.12578125 0.4828125 0.096875 0.228125
1 0.284375 0.49765625 0.0734375 0.1875
1 0.48515625 0.51640625 0.05625 0.1453125
1 0.553125 0.52109375 0.0546875 0.1359375