0 0.3 0.60859375 0.1359375 0.34375
0 0.2625 0.61484375 0.1109375 0.290625
0 0.3578125 0.609375 0.1125 0.3296875
0 0.3890625 0.57109375 0.103125 0.275
0 0.5015625 0.53125 0.0921875 0.234375
0 0.59765625 0.59140625 0.1125 0.3296875
0 0.6453125 0.5734375 0.1078125 0.3203125
0 0.70234375 0.47578125 0.1015625 0.2890625
0 0.5546875 0.52109375 0.090625 0.259375
0 0.61796875 0.459375 0.0703125 0.190625
0 0.159375 0.67421875 0.146875 0.396875
0 0.1234375 0.67734375 0.1265625 0.334375
0 0.07578125 0.67734375 0.1109375 0.3140625
1 0.078125 0.58046875 0.090625 0.1796875
1 0.2375 0.5359375 0.0765625 0.1546875
1 0.35078125 0.50625 0.0671875 0.1421875
1 0.47109375 0.475 0.059375 0.1328125
1 0.56171875 0.45 0.0578125 0.125