0 0.1875 0.621875 0.04765625 0.3921875
0 0.25546875 0.62734375 0.09375 0.465625
0 0.39765625 0.6015625 0.05703125 0.38203125
0 0.50859375 0.6015625 0.08671875 0.4203125
0 0.64140625 0.54375 0.0546875 0.3375
0 0.72890625 0.57421875 0.04921875 0.32890625
0 0.77109375 0.5640625 0.05234375 0.27890625
1 0.17265625 0.5109375 0.065625 0.2140625
1 0.3453125 0.49921875 0.05546875 0.1984375
1 0.47578125 0.49296875 0.0515625 0.1796875
1 0.58984375 0.48671875 0.04296875 0.16171875
1 0.68671875 0.48125 0.034375 0.14921875