0 0.146875 0.540625 0.0828125 0.371875
0 0.09296875 0.565625 0.075 0.328125
0 0.3 0.5296875 0.071875 0.3234375
0 0.35703125 0.56484375 0.075 0.34375
0 0.40390625 0.5203125 0.0625 0.26875
0 0.44921875 0.503125 0.0625 0.2953125
0 0.5015625 0.51796875 0.0640625 0.3125
0 0.5640625 0.48828125 0.059375 0.2625
0 0.6296875 0.49296875 0.0578125 0.315625
0 0.65078125 0.4859375 0.04375 0.240625
0 0.74609375 0.496875 0.0734375 0.265625
1 0.10546875 0.45703125 0.05 0.1765625
1 0.2765625 0.4515625 0.0578125 0.1734375
1 0.40625 0.44375 0.0515625 0.15625
1 0.51875 0.428125 0.04375 0.146875
1 0.61640625 0.42890625 0.040625 0.1265625