0 0.1953125 0.65234375 0.15 0.4984375
0 0.32109375 0.68046875 0.1625 0.5453125
0 0.38359375 0.62734375 0.1390625 0.4609375
0 0.70546875 0.65 0.1109375 0.403125
0 0.76640625 0.67734375 0.1546875 0.45
0 0.63203125 0.51328125 0.109375 0.1640625
0 0.5546875 0.68828125 0.1578125 0.5078125
0 0.43046875 0.646875 0.1125 0.396875
0 0.475 0.6828125 0.134375 0.4453125
1 0.14453125 0.51796875 0.1109375 0.28125
1 0.31484375 0.52890625 0.0984375 0.24375
1 0.4359375 0.53671875 0.08125 0.2171875
1 0.55546875 0.546875 0.0703125 0.196875
1 0.63515625 0.55625 0.0609375 0.1765625