0 0.2453125 0.47578125 0.13125 0.3015625
0 0.29921875 0.46640625 0.1421875 0.340625
0 0.34296875 0.48671875 0.1796875 0.4046875
0 0.4609375 0.57578125 0.1609375 0.3765625
0 0.615625 0.6171875 0.1796875 0.4453125
0 0.49296875 0.51640625 0.1296875 0.3453125
0 0.61328125 0.52578125 0.1296875 0.30625
0 0.58203125 0.51953125 0.1234375 0.29375
0 0.72734375 0.55078125 0.140625 0.296875
0 0.80390625 0.56796875 0.1203125 0.2671875
0 0.878125 0.628125 0.1359375 0.3296875
1 0.3140625 0.39296875 0.0890625 0.1671875
1 0.459375 0.42734375 0.08125 0.165625
1 0.575 0.45390625 0.078125 0.1609375
1 0.69296875 0.4828125 0.065625 0.140625
1 0.790625 0.49765625 0.0703125 0.1328125