0 0.2453125 0.5296875 0.0734375 0.296875
0 0.29609375 0.50859375 0.075 0.3375
0 0.34375 0.51953125 0.1015625 0.396875
0 0.47734375 0.58203125 0.0875 0.371875
0 0.6375 0.590625 0.090625 0.4421875
0 0.49609375 0.51796875 0.059375 0.3453125
0 0.61640625 0.5015625 0.06875 0.303125
0 0.584375 0.50234375 0.0640625 0.290625
0 0.7328125 0.50234375 0.0828125 0.290625
0 0.8109375 0.503125 0.0671875 0.2625
0 0.89609375 0.546875 0.0703125 0.3265625
1 0.29609375 0.434375 0.0578125 0.1609375
1 0.4453125 0.43671875 0.05 0.1609375
1 0.5640625 0.43984375 0.046875 0.15625
1 0.68515625 0.44296875 0.0390625 0.1375
1 0.78359375 0.4375 0.0453125 0.128125