0 0.2828125 0.56875 0.0734375 0.33515625
0 0.2453125 0.5671875 0.05703125 0.28515625
0 0.33984375 0.58046875 0.0515625 0.3265625
0 0.37734375 0.5484375 0.05234375 0.26953125
0 0.4953125 0.53125 0.05 0.2296875
0 0.578125 0.60859375 0.05078125 0.3265625
0 0.62890625 0.6 0.04765625 0.31640625
0 0.703125 0.51484375 0.0484375 0.284375
0 0.55 0.53125 0.04296875 0.25625
0 0.6234375 0.4828125 0.03515625 0.18671875
0 0.13203125 0.60625 0.07421875 0.38984375
0 0.096875 0.60234375 0.065625 0.328125
0 0.05 0.59296875 0.05234375 0.309375
1 0.0703125 0.4984375 0.05859375 0.171875
1 0.23515625 0.48515625 0.04921875 0.1484375
1 0.35234375 0.47734375 0.04140625 0.1375
1 0.4765625 0.4703125 0.03515625 0.128125
1 0.5703125 0.4625 0.03515625 0.12109375