0 0.1828125 0.50390625 0.115625 0.396875
0 0.290625 0.5328125 0.096875 0.3765625
0 0.365625 0.49921875 0.0875 0.35
0 0.4265625 0.5203125 0.0796875 0.3484375
0 0.4890625 0.4953125 0.075 0.3171875
0 0.5453125 0.5 0.0859375 0.340625
0 0.59453125 0.48984375 0.065625 0.284375
0 0.6359375 0.5109375 0.0859375 0.3703125
0 0.69765625 0.5015625 0.071875 0.30625
1 0.16328125 0.4109375 0.0796875 0.2140625
1 0.3203125 0.41796875 0.065625 0.1890625
1 0.44375 0.41640625 0.05625 0.1703125
1 0.553125 0.41875 0.05 0.1453125
1 0.640625 0.421875 0.04375 0.125
0 0.6765625 0.48359375 0.05625 0.2578125