0 0.2046875 0.5734375 0.0796875 0.39765625
0 0.30390625 0.5640625 0.0859375 0.38203125
0 0.35546875 0.58828125 0.07734375 0.41875
0 0.390625 0.5484375 0.06328125 0.36015625
0 0.47265625 0.55 0.08359375 0.38203125
0 0.5234375 0.58125 0.06328125 0.38671875
0 0.56171875 0.540625 0.0484375 0.3359375
0 0.60078125 0.5328125 0.046875 0.30234375
0 0.66328125 0.540625 0.06875 0.3703125
0 0.753125 0.528125 0.05234375 0.29375
1 0.1828125 0.4703125 0.0671875 0.2125
1 0.340625 0.4671875 0.046875 0.19375
1 0.45390625 0.4609375 0.04609375 0.16484375
1 0.5625 0.45625 0.040625 0.15625
1 0.6484375 0.45234375 0.04453125 0.1515625