0 0.0859375 0.5390625 0.153125 0.4609375
0 0.16484375 0.56484375 0.2125 0.5265625
0 0.26171875 0.61953125 0.2359375 0.61875
0 0.4203125 0.66328125 0.2421875 0.6546875
0 0.51875 0.63671875 0.1734375 0.5078125
0 0.6375 0.56953125 0.1390625 0.3359375
0 0.72578125 0.60234375 0.13125 0.38125
0 0.82890625 0.60546875 0.1265625 0.328125
0 0.9125 0.6171875 0.115625 0.296875
1 0.09375 0.421875 0.125 0.25625
1 0.2828125 0.45078125 0.109375 0.2265625
1 0.41953125 0.46484375 0.096875 0.1859375
1 0.52890625 0.490625 0.0875 0.18125
1 0.60859375 0.47421875 0.0546875 0.11875