1 0.27890625 0.43515625 0.0703125 0.16875
1 0.425 0.42421875 0.06875 0.178125
0 0.146875 0.56015625 0.1609375 0.5125
1 0.1265625 0.446875 0.071875 0.165625
0 0.0828125 0.53515625 0.0890625 0.3109375
0 0.196875 0.5328125 0.103125 0.340625
0 0.27421875 0.51484375 0.1109375 0.3421875
0 0.38359375 0.503125 0.1125 0.3359375
0 0.43359375 0.49375 0.0921875 0.30625
0 0.59375 0.48828125 0.1 0.328125
0 0.76328125 0.4578125 0.1109375 0.371875
1 0.59140625 0.409375 0.06875 0.184375
1 0.75546875 0.38359375 0.075 0.171875