1 0.28828125 0.40859375 0.0515625 0.16328125
1 0.43515625 0.415625 0.0484375 0.17421875
0 0.1421875 0.51640625 0.1 0.50390625
1 0.1359375 0.4015625 0.05234375 0.16015625
0 0.08125 0.484375 0.0515625 0.30625
0 0.1953125 0.4953125 0.06328125 0.33515625
0 0.27421875 0.4875 0.07109375 0.33671875
0 0.384375 0.4890625 0.0734375 0.32890625
0 0.43515625 0.4859375 0.05546875 0.30234375
0 0.59453125 0.5 0.06171875 0.3234375
0 0.76640625 0.48984375 0.06640625 0.3671875
1 0.6015625 0.42109375 0.046875 0.18046875
1 0.76796875 0.415625 0.05546875 0.165625