0 0.1890625 0.365625 0.1140625 0.140625
0 0.128125 0.63515625 0.1671875 0.5796875
0 0.2484375 0.60859375 0.16875 0.575
0 0.353125 0.63984375 0.2234375 0.671875
0 0.48125 0.6015625 0.1609375 0.5078125
0 0.559375 0.57890625 0.1171875 0.384375
0 0.703125 0.64140625 0.1671875 0.5734375
0 0.79765625 0.58046875 0.1078125 0.328125
0 0.85859375 0.61640625 0.1359375 0.4265625
1 0.75859375 0.5109375 0.0578125 0.1828125
1 0.65078125 0.4953125 0.0734375 0.1875
1 0.51640625 0.48671875 0.0859375 0.2109375
1 0.1578125 0.4515625 0.1234375 0.2796875