0 0.246875 0.53828125 0.0625 0.29453125
0 0.296875 0.515625 0.06328125 0.33515625
0 0.34453125 0.525 0.0875 0.39453125
0 0.48046875 0.5828125 0.07421875 0.36953125
0 0.640625 0.5859375 0.075 0.43984375
0 0.496875 0.51796875 0.04765625 0.34375
0 0.61640625 0.49765625 0.05859375 0.3015625
0 0.584375 0.49921875 0.0546875 0.2890625
0 0.7328125 0.49453125 0.07265625 0.2875
0 0.8109375 0.4921875 0.05859375 0.26015625
0 0.89765625 0.5328125 0.05859375 0.325
1 0.29375 0.44140625 0.05234375 0.15859375
1 0.44296875 0.4390625 0.04375 0.159375
1 0.56171875 0.4375 0.0421875 0.15546875
1 0.6828125 0.43671875 0.03359375 0.13671875
1 0.78125 0.42734375 0.040625 0.1265625