0 0.19375 0.6640625 0.10625 0.378125
0 0.26953125 0.6640625 0.1140625 0.4046875
0 0.353125 0.63125 0.08125 0.33125
0 0.41953125 0.64453125 0.0828125 0.290625
0 0.471875 0.603125 0.0859375 0.2796875
0 0.53046875 0.60859375 0.08125 0.296875
0 0.57734375 0.58359375 0.065625 0.265625
0 0.62265625 0.58125 0.0578125 0.25
0 0.6890625 0.5734375 0.078125 0.2796875
0 0.64921875 0.571875 0.0515625 0.2296875
0 0.753125 0.56953125 0.0828125 0.33125
1 0.15625 0.5796875 0.071875 0.2
1 0.31015625 0.55546875 0.065625 0.1765625
1 0.42421875 0.5375 0.05625 0.159375
1 0.528125 0.51953125 0.0484375 0.1421875
1 0.61171875 0.51171875 0.0421875 0.1359375