0 0.0875 0.5359375 0.07265625 0.353125
0 0.17109375 0.521875 0.0859375 0.34453125
0 0.25625 0.5296875 0.09296875 0.359375
0 0.31953125 0.5203125 0.065625 0.2875
0 0.46875 0.5203125 0.0734375 0.303125
0 0.6015625 0.51171875 0.06328125 0.2828125
0 0.74453125 0.5046875 0.07109375 0.26796875
0 0.8609375 0.55546875 0.09296875 0.42734375
1 0.14921875 0.4546875 0.05625 0.17109375
1 0.3109375 0.45546875 0.0484375 0.16484375
1 0.44921875 0.44375 0.0484375 0.15703125
1 0.59609375 0.44453125 0.04921875 0.15234375
1 0.71171875 0.4328125 0.04296875 0.13984375