0 0.7828125 0.51640625 0.08125 0.2625
0 0.74296875 0.5234375 0.1171875 0.340625
0 0.57109375 0.4921875 0.09375 0.26875
0 0.6328125 0.51171875 0.1015625 0.2875
0 0.19296875 0.490625 0.1578125 0.45
0 0.2453125 0.3703125 0.0875 0.1375
0 0.36171875 0.47734375 0.10625 0.3109375
0 0.29921875 0.53671875 0.1484375 0.434375
0 0.42421875 0.52109375 0.1234375 0.35625
0 0.484375 0.54140625 0.1359375 0.375
1 0.1734375 0.39765625 0.0890625 0.19375
1 0.33046875 0.42578125 0.0828125 0.19375
1 0.44140625 0.43984375 0.075 0.18125
1 0.54453125 0.4390625 0.053125 0.1328125
1 0.61328125 0.446875 0.053125 0.1171875