0 0.09375 0.49609375 0.1796875 0.409375
0 0.146875 0.47265625 0.1625 0.3484375
0 0.296875 0.49921875 0.1203125 0.2703125
0 0.309375 0.51640625 0.134375 0.303125
0 0.42578125 0.51015625 0.1328125 0.3015625
0 0.4515625 0.51796875 0.1203125 0.2828125
0 0.57421875 0.528125 0.115625 0.278125
0 0.596875 0.565625 0.1375 0.2796875
0 0.6890625 0.57734375 0.1375 0.278125
0 0.725 0.59765625 0.1375 0.30625
1 0.17421875 0.3859375 0.0859375 0.1625
1 0.32265625 0.415625 0.0796875 0.1421875
1 0.45234375 0.4375 0.071875 0.1328125
1 0.57421875 0.47578125 0.0734375 0.1375
1 0.68515625 0.49921875 0.0703125 0.1359375