0 0.0625 0.53203125 0.09453125 0.3453125
0 0.13046875 0.50390625 0.0703125 0.3265625
0 0.30625 0.534375 0.06953125 0.35078125
0 0.403125 0.490625 0.0609375 0.29375
0 0.48671875 0.55546875 0.075 0.3765625
0 0.54296875 0.5109375 0.0765625 0.34375
0 0.60078125 0.4984375 0.04921875 0.27578125
0 0.65859375 0.509375 0.06640625 0.3328125
0 0.7015625 0.4796875 0.04453125 0.25
0 0.753125 0.496875 0.05 0.2578125
0 0.81953125 0.47265625 0.06875 0.3296875
1 0.42734375 0.428125 0.04921875 0.15390625
1 0.2984375 0.42890625 0.053125 0.15
1 0.14296875 0.43984375 0.06640625 0.17265625
1 0.5671875 0.41328125 0.0421875 0.13046875
1 0.6796875 0.409375 0.04140625 0.1328125
0 0.084375 0.534375 0.08671875 0.39921875