0 0.171875 0.415625 0.09453125 0.12734375
0 0.15390625 0.69140625 0.07890625 0.575
0 0.26875 0.646875 0.08125 0.56953125
0 0.3765625 0.6609375 0.12109375 0.6609375
0 0.49765625 0.603125 0.08359375 0.5015625
0 0.57109375 0.56875 0.0578125 0.3796875
0 0.72265625 0.6078125 0.0796875 0.56796875
0 0.80625 0.5328125 0.05859375 0.32265625
0 0.87265625 0.55859375 0.0703125 0.4203125
1 0.75703125 0.4703125 0.03046875 0.18046875
1 0.6484375 0.471875 0.0453125 0.1828125
1 0.5140625 0.484375 0.05390625 0.2046875
1 0.1546875 0.50546875 0.0828125 0.26953125