0 0.10390625 0.60703125 0.1546875 0.3859375
0 0.14296875 0.55859375 0.1078125 0.2796875
0 0.19609375 0.5890625 0.1640625 0.4234375
0 0.29609375 0.55390625 0.14375 0.33125
0 0.3875 0.553125 0.1671875 0.38125
0 0.453125 0.51796875 0.146875 0.328125
0 0.55546875 0.503125 0.165625 0.3890625
0 0.6140625 0.46875 0.134375 0.3375
1 0.7421875 0.37890625 0.0875 0.178125
1 0.5921875 0.41796875 0.0921875 0.1765625
1 0.4328125 0.45390625 0.0921875 0.175
1 0.31015625 0.48125 0.0796875 0.16875
1 0.16484375 0.52578125 0.0828125 0.18125