0 0.0921875 0.56328125 0.15 0.45625
0 0.121875 0.54296875 0.1046875 0.3953125
0 0.22421875 0.578125 0.125 0.4921875
0 0.315625 0.5109375 0.0984375 0.3625
0 0.43515625 0.51953125 0.1296875 0.49375
0 0.4921875 0.50546875 0.0796875 0.3421875
0 0.5375 0.50390625 0.103125 0.3765625
0 0.6640625 0.4640625 0.0859375 0.3375
0 0.725 0.4609375 0.115625 0.4125
0 0.83359375 0.45625 0.075 0.3125
0 0.88515625 0.453125 0.109375 0.3984375
1 0.1171875 0.45078125 0.0890625 0.2234375
1 0.31328125 0.42265625 0.071875 0.1828125
1 0.48515625 0.40390625 0.065625 0.184375
1 0.6640625 0.3828125 0.0703125 0.178125
1 0.82109375 0.36640625 0.0671875 0.1859375