0 0.121875 0.6484375 0.128125 0.409375
0 0.16171875 0.60703125 0.1171875 0.346875
0 0.3109375 0.575 0.084375 0.2703125
0 0.3296875 0.5859375 0.09375 0.303125
0 0.43515625 0.53671875 0.09375 0.3015625
0 0.46171875 0.534375 0.084375 0.284375
0 0.57890625 0.4984375 0.0796875 0.278125
0 0.61484375 0.52421875 0.1015625 0.278125
0 0.70390625 0.50078125 0.1015625 0.275
0 0.74453125 0.50625 0.0984375 0.30625
1 0.1546875 0.51640625 0.065625 0.159375
1 0.30390625 0.4875 0.0625 0.1390625
1 0.43203125 0.46015625 0.05625 0.13125
1 0.56015625 0.44921875 0.05625 0.1359375
1 0.671875 0.43046875 0.0546875 0.134375