1 0.2734375 0.45859375 0.0875 0.1703125
1 0.41796875 0.43203125 0.0859375 0.18125
0 0.1546875 0.59609375 0.2109375 0.5140625
1 0.1234375 0.4859375 0.0875 0.1671875
0 0.08828125 0.57890625 0.11875 0.309375
0 0.20234375 0.5640625 0.1375 0.340625
0 0.27734375 0.53828125 0.1453125 0.34375
0 0.38515625 0.515625 0.1453125 0.3375
0 0.43359375 0.50078125 0.121875 0.3078125
0 0.5921875 0.47890625 0.1328125 0.3296875
0 0.75703125 0.43046875 0.146875 0.3734375
1 0.58125 0.4 0.0859375 0.1859375
1 0.7421875 0.3578125 0.090625 0.1734375