0 0.215625 0.60859375 0.128125 0.4046875
0 0.31328125 0.5875 0.13125 0.3890625
0 0.3671875 0.60546875 0.128125 0.425
0 0.39765625 0.56171875 0.10625 0.365625
0 0.47890625 0.553125 0.1296875 0.3890625
0 0.5328125 0.578125 0.109375 0.3921875
0 0.56640625 0.5328125 0.0890625 0.3390625
0 0.60390625 0.5203125 0.0828125 0.30625
0 0.6671875 0.5203125 0.1140625 0.3765625
0 0.7546875 0.496875 0.0875 0.2984375
1 0.18125 0.509375 0.0921875 0.21875
1 0.3375 0.48671875 0.0703125 0.1984375
1 0.44921875 0.4671875 0.065625 0.16875
1 0.55703125 0.44921875 0.059375 0.159375
1 0.64140625 0.434375 0.0625 0.15625