0 0.2984375 0.60546875 0.13125 0.3421875
0 0.2609375 0.61015625 0.10625 0.290625
0 0.35625 0.60703125 0.1078125 0.33125
0 0.3875 0.56875 0.0984375 0.275
0 0.50078125 0.53125 0.0890625 0.234375
0 0.59609375 0.59375 0.10625 0.3296875
0 0.64453125 0.57578125 0.1015625 0.3203125
0 0.70234375 0.4796875 0.096875 0.2890625
0 0.5546875 0.521875 0.0875 0.259375
0 0.61875 0.46171875 0.0671875 0.190625
0 0.15625 0.66875 0.140625 0.396875
0 0.12109375 0.67109375 0.121875 0.334375
0 0.07265625 0.66953125 0.1046875 0.3140625
1 0.0765625 0.5734375 0.0875 0.1796875
1 0.23671875 0.53125 0.075 0.1546875
1 0.35078125 0.503125 0.0640625 0.1421875
1 0.471875 0.475 0.05625 0.1328125
1 0.5625 0.45078125 0.05625 0.125