0 0.109375 0.725 0.21875 0.5375
0 0.3359375 0.6234375 0.1859375 0.40625
0 0.53203125 0.5765625 0.14375 0.3671875
0 0.49765625 0.59921875 0.0109375 0.00625
0 0.60546875 0.58984375 0.1546875 0.4
0 0.6703125 0.57109375 0.165625 0.434375
0 0.753125 0.52890625 0.1625 0.4015625
0 0.87421875 0.490625 0.153125 0.35
1 0.125 0.57734375 0.11875 0.2234375
1 0.321875 0.5140625 0.1046875 0.19375
1 0.5046875 0.49140625 0.1 0.2078125
1 0.684375 0.44921875 0.0953125 0.209375
1 0.84921875 0.41171875 0.1015625 0.209375