0 0.240625 0.721875 0.115625 0.4984375
0 0.3703125 0.71875 0.1265625 0.5453125
0 0.41796875 0.6515625 0.1078125 0.4609375
0 0.7359375 0.5953125 0.0828125 0.403125
0 0.80078125 0.6078125 0.125 0.4484375
0 0.63125 0.48046875 0.1 0.159375
0 0.5984375 0.66953125 0.1234375 0.50625
0 0.46875 0.659375 0.0859375 0.396875
0 0.5203125 0.68359375 0.1046875 0.4453125
1 0.159375 0.60390625 0.09375 0.2796875
1 0.32734375 0.5734375 0.0828125 0.240625
1 0.44609375 0.55078125 0.0671875 0.215625
1 0.56484375 0.53203125 0.0578125 0.1953125
1 0.64453125 0.521875 0.05 0.175