0 0.0734375 0.43984375 0.146875 0.3578125
0 0.1375 0.42734375 0.1359375 0.334375
0 0.303125 0.49296875 0.140625 0.3578125
0 0.40703125 0.4703125 0.1203125 0.3
0 0.47578125 0.5515625 0.1515625 0.384375
0 0.53984375 0.51953125 0.146875 0.3515625
0 0.59921875 0.51953125 0.10625 0.2796875
0 0.653125 0.5421875 0.134375 0.3390625
0 0.7015625 0.521875 0.0953125 0.253125
0 0.7484375 0.54921875 0.103125 0.2625
0 0.81796875 0.53984375 0.1359375 0.3375
1 0.44375 0.41484375 0.0796875 0.1609375
1 0.31796875 0.38828125 0.0828125 0.1578125
1 0.16328125 0.3671875 0.1015625 0.1828125
1 0.58359375 0.42890625 0.06875 0.1359375
1 0.69453125 0.4484375 0.06875 0.1390625
0 0.0859375 0.446875 0.1671875 0.4078125