0 0.071875 0.55859375 0.0640625 0.41171875
0 0.14140625 0.56171875 0.06171875 0.44609375
0 0.1984375 0.52734375 0.05859375 0.3078125
0 0.33671875 0.5453125 0.0484375 0.29453125
0 0.39609375 0.559375 0.065625 0.3296875
0 0.48984375 0.55234375 0.05546875 0.29453125
0 0.65390625 0.53828125 0.06484375 0.33359375
1 0.22890625 0.4703125 0.04375 0.153125
1 0.36640625 0.47109375 0.04921875 0.1578125
1 0.49921875 0.4703125 0.0453125 0.16640625
1 0.66015625 0.47265625 0.0546875 0.18125
1 0.82109375 0.46796875 0.05234375 0.175