0 0.125 0.67265625 0.14375 0.4125
0 0.16328125 0.6296875 0.1265625 0.378125
0 0.25234375 0.63046875 0.18125 0.4890625
0 0.34296875 0.63359375 0.1859375 0.540625
0 0.4375 0.58046875 0.146875 0.3890625
0 0.503125 0.5609375 0.1328125 0.375
0 0.54921875 0.50703125 0.1046875 0.2875
0 0.61484375 0.49609375 0.11875 0.321875
0 0.74140625 0.484375 0.134375 0.3421875
0 0.81328125 0.4609375 0.15625 0.378125
0 0.9171875 0.4640625 0.159375 0.390625
1 0.4921875 0.453125 0.06875 0.146875
1 0.57578125 0.4375 0.059375 0.140625
1 0.38359375 0.48359375 0.0796875 0.171875
1 0.26640625 0.4984375 0.075 0.165625
1 0.09765625 0.53984375 0.0953125 0.18125