0 0.21640625 0.6578125 0.07109375 0.52109375
0 0.27890625 0.6328125 0.05390625 0.50234375
0 0.4296875 0.653125 0.11875 0.65
0 0.5390625 0.60859375 0.08515625 0.4390625
0 0.6515625 0.53671875 0.071875 0.3359375
0 0.69296875 0.55078125 0.03828125 0.29609375
0 0.746875 0.52578125 0.03515625 0.2578125
0 0.80625 0.55390625 0.08359375 0.35625
0 0.89765625 0.5125 0.05390625 0.32109375
0 0.95625 0.51796875 0.0515625 0.340625
1 0.190625 0.52421875 0.08046875 0.28125
1 0.38359375 0.496875 0.0578125 0.22421875
1 0.51328125 0.48984375 0.0453125 0.2109375
1 0.62109375 0.471875 0.03984375 0.17109375
1 0.70625 0.46171875 0.03359375 0.15390625