0 0.20390625 0.54921875 0.1546875 0.4578125
0 0.2921875 0.56953125 0.1625 0.4859375
0 0.36171875 0.5671875 0.1359375 0.4046875
0 0.41953125 0.6109375 0.159375 0.478125
0 0.5046875 0.57890625 0.1359375 0.3578125
0 0.5859375 0.60234375 0.1265625 0.3734375
0 0.66640625 0.70234375 0.134375 0.415625
0 0.7203125 0.6015625 0.1 0.3171875
0 0.771875 0.6421875 0.1203125 0.3625
0 0.86171875 0.6703125 0.146875 0.415625
0 0.890625 0.61953125 0.0859375 0.2578125
1 0.33203125 0.45625 0.090625 0.184375
1 0.48046875 0.47578125 0.075 0.159375
1 0.59609375 0.50078125 0.0734375 0.1625
1 0.69375 0.50859375 0.0640625 0.1546875
1 0.77421875 0.51640625 0.05625 0.1328125