0 0.1015625 0.60546875 0.1953125 0.4625
0 0.128125 0.58203125 0.14375 0.3984375
0 0.23359375 0.60625 0.175 0.4953125
0 0.31796875 0.53046875 0.134375 0.365625
0 0.4375 0.52578125 0.1796875 0.496875
0 0.49296875 0.50625 0.1140625 0.34375
0 0.53828125 0.5 0.140625 0.3796875
0 0.659375 0.446875 0.1203125 0.340625
0 0.71953125 0.4375 0.15625 0.4171875
0 0.82734375 0.421875 0.10625 0.3140625
0 0.878125 0.41328125 0.15 0.4015625
1 0.11484375 0.49140625 0.1109375 0.2296875
1 0.30625 0.44296875 0.090625 0.1859375
1 0.47578125 0.40625 0.084375 0.1875
1 0.65078125 0.36640625 0.0875 0.18125
1 0.80546875 0.33359375 0.084375 0.1890625