0 0.17734375 0.64296875 0.059375 0.39765625
0 0.2734375 0.65390625 0.07265625 0.453125
0 0.353125 0.678125 0.065625 0.5078125
0 0.42265625 0.715625 0.07421875 0.50703125
0 0.51875 0.62578125 0.07421875 0.396875
0 0.54296875 0.4703125 0.028125 0.0859375
0 0.6015625 0.553125 0.0421875 0.2609375
0 0.65390625 0.571875 0.0421875 0.275
0 0.70703125 0.58828125 0.0578125 0.3203125
0 0.79140625 0.6296875 0.053125 0.39921875
0 0.821875 0.56484375 0.0484375 0.29453125
1 0.12734375 0.54140625 0.06328125 0.2203125
1 0.28671875 0.53125 0.0453125 0.18203125
1 0.48828125 0.51875 0.034375 0.14140625
1 0.55546875 0.5125 0.034375 0.1328125