0 0.18046875 0.63671875 0.07421875 0.37265625
0 0.25625 0.64375 0.0796875 0.39921875
0 0.3421875 0.61796875 0.05234375 0.328125
0 0.40703125 0.63671875 0.05859375 0.2859375
0 0.46328125 0.6 0.06171875 0.275
0 0.52109375 0.6109375 0.05625 0.29296875
0 0.56953125 0.58984375 0.04296875 0.26328125
0 0.61484375 0.59140625 0.03671875 0.2484375
0 0.68203125 0.58984375 0.05390625 0.2765625
0 0.6421875 0.584375 0.03203125 0.22734375
0 0.74609375 0.59140625 0.0546875 0.328125
1 0.15078125 0.54921875 0.0546875 0.19609375
1 0.30625 0.5390625 0.05078125 0.17265625
1 0.42109375 0.53046875 0.0421875 0.15703125
1 0.5265625 0.521875 0.0359375 0.13984375
1 0.61015625 0.52109375 0.03125 0.134375