0 0.2421875 0.62421875 0.1 0.4
0 0.17578125 0.609375 0.08125 0.3703125
0 0.334375 0.5875 0.0609375 0.2890625
0 0.403125 0.59609375 0.065625 0.2984375
0 0.46328125 0.578125 0.0421875 0.2421875
0 0.48828125 0.603125 0.078125 0.3765625
0 0.5625 0.5484375 0.0390625 0.2625
0 0.59765625 0.58828125 0.05625 0.3515625
0 0.66328125 0.55390625 0.0609375 0.31875
0 0.715625 0.540625 0.0515625 0.240625
1 0.15546875 0.521875 0.0625 0.18125
1 0.30859375 0.51796875 0.0484375 0.178125
1 0.42890625 0.49921875 0.0453125 0.1375
1 0.5390625 0.49296875 0.0390625 0.1265625
1 0.62578125 0.48671875 0.0375 0.11875