0 0.22265625 0.6984375 0.0734375 0.49375
0 0.3515625 0.70625 0.0796875 0.53984375
0 0.4046875 0.64375 0.06875 0.45625
0 0.7265625 0.615625 0.0484375 0.40078125
0 0.790625 0.63359375 0.08671875 0.4421875
0 0.6328125 0.4921875 0.08671875 0.153125
0 0.58359375 0.67734375 0.08046875 0.50078125
0 0.4546875 0.65625 0.0515625 0.39375
0 0.50390625 0.684375 0.06640625 0.440625
1 0.1515625 0.5734375 0.06953125 0.27421875
1 0.321875 0.5578125 0.06171875 0.23671875
1 0.4421875 0.54609375 0.04921875 0.21171875
1 0.56171875 0.5375 0.04140625 0.1921875
1 0.6421875 0.534375 0.034375 0.17265625