0 0.0890625 0.534375 0.11875 0.4484375
0 0.11953125 0.51640625 0.07734375 0.390625
0 0.21953125 0.55859375 0.09140625 0.4875
0 0.315625 0.4984375 0.0734375 0.35859375
0 0.43359375 0.51484375 0.09609375 0.48828125
0 0.4921875 0.5046875 0.05546875 0.33984375
0 0.5375 0.50625 0.0765625 0.37265625
0 0.66640625 0.47578125 0.06328125 0.334375
0 0.72734375 0.4765625 0.08671875 0.4078125
0 0.8359375 0.4796875 0.053125 0.31015625
0 0.8875 0.48046875 0.0828125 0.39375
1 0.121875 0.42421875 0.0734375 0.21953125
1 0.31875 0.41015625 0.06015625 0.17890625
1 0.4921875 0.403125 0.05390625 0.18046875
1 0.671875 0.39453125 0.0578125 0.17421875
1 0.8296875 0.3890625 0.05390625 0.18203125