0 0.103125 0.62421875 0.05859375 0.45859375
0 0.1859375 0.6328125 0.1078125 0.515625
0 0.29140625 0.66640625 0.11171875 0.60859375
0 0.45625 0.6765625 0.11015625 0.64609375
0 0.546875 0.6296875 0.0703125 0.50390625
0 0.64921875 0.5390625 0.071875 0.32890625
0 0.7421875 0.553125 0.053125 0.378125
0 0.84375 0.534375 0.0609375 0.32265625
0 0.928125 0.52890625 0.05546875 0.2921875
1 0.0859375 0.5078125 0.07578125 0.2453125
1 0.27734375 0.496875 0.065625 0.2171875
1 0.4140625 0.48203125 0.06171875 0.17734375
1 0.5265625 0.484375 0.0515625 0.175
1 0.60078125 0.45234375 0.03203125 0.1140625