0 0.090625 0.521875 0.078125 0.3828125
0 0.13828125 0.4828125 0.0515625 0.278125
0 0.184375 0.52421875 0.0796875 0.421875
0 0.2890625 0.51015625 0.0796875 0.3265625
0 0.37890625 0.528125 0.0921875 0.3765625
0 0.45 0.5078125 0.0828125 0.3234375
0 0.55390625 0.51484375 0.0890625 0.384375
0 0.61796875 0.49296875 0.0671875 0.3359375
1 0.76171875 0.43203125 0.053125 0.1734375
1 0.60703125 0.4390625 0.0578125 0.171875
1 0.44375 0.440625 0.059375 0.16875
1 0.31796875 0.4421875 0.0484375 0.1640625
1 0.1671875 0.45546875 0.0484375 0.1765625