0 0.16875 0.578125 0.06640625 0.259375
0 0.284375 0.565625 0.05234375 0.29140625
0 0.3484375 0.5546875 0.06171875 0.31015625
0 0.45078125 0.54609375 0.078125 0.33515625
0 0.59375 0.56484375 0.06015625 0.31640625
0 0.65546875 0.56015625 0.05546875 0.30859375
0 0.19921875 0.440625 0.00234375 0.00078125
1 0.19453125 0.49453125 0.04453125 0.15546875
1 0.3328125 0.49140625 0.05078125 0.1625
1 0.4671875 0.48828125 0.04296875 0.15703125
1 0.62109375 0.48984375 0.05 0.165625
1 0.778125 0.48515625 0.05390625 0.1703125