0 0.184375 0.53671875 0.103125 0.3953125
0 0.2953125 0.5546875 0.084375 0.3734375
0 0.365625 0.51328125 0.075 0.3484375
0 0.42890625 0.52734375 0.06875 0.346875
0 0.4890625 0.49609375 0.0640625 0.3171875
0 0.5453125 0.4953125 0.075 0.3390625
0 0.59296875 0.48046875 0.05625 0.2828125
0 0.63671875 0.496875 0.0734375 0.36875
0 0.696875 0.48046875 0.0625 0.30625
1 0.15546875 0.44609375 0.071875 0.2109375
1 0.3125 0.43671875 0.059375 0.1875
1 0.43515625 0.42265625 0.0515625 0.16875
1 0.54453125 0.41328125 0.0453125 0.14375
1 0.63203125 0.4078125 0.040625 0.125
0 0.67421875 0.46484375 0.046875 0.25625