0 0.053125 0.5578125 0.10625 0.346875
0 0.1140625 0.53359375 0.1109375 0.3296875
0 0.19921875 0.54453125 0.1359375 0.3828125
0 0.253125 0.52109375 0.096875 0.3125
0 0.296875 0.51796875 0.090625 0.278125
0 0.35234375 0.509375 0.146875 0.4671875
0 0.4078125 0.490625 0.10625 0.34375
0 0.459375 0.471875 0.121875 0.38125
0 0.5984375 0.48203125 0.140625 0.3796875
0 0.71171875 0.459375 0.1375 0.36875
0 0.79140625 0.44140625 0.13125 0.38125
1 0.1265625 0.4640625 0.08125 0.178125
1 0.278125 0.434375 0.0734375 0.175
1 0.4296875 0.41484375 0.0765625 0.178125
1 0.58984375 0.3875 0.08125 0.178125
1 0.75390625 0.3640625 0.0796875 0.1859375