0 0.09453125 0.5765625 0.0734375 0.4109375
0 0.1421875 0.54453125 0.0625 0.3765625
0 0.228125 0.56640625 0.1 0.484375
0 0.315625 0.59140625 0.0953125 0.5390625
0 0.41953125 0.5625 0.08125 0.3859375
0 0.48828125 0.56015625 0.0703125 0.3734375
0 0.54609375 0.51875 0.05625 0.2859375
0 0.6125 0.52421875 0.065625 0.3203125
0 0.7375 0.54375 0.078125 0.3375
0 0.8140625 0.53828125 0.09375 0.371875
0 0.91328125 0.56640625 0.0953125 0.3859375
1 0.50390625 0.45234375 0.0453125 0.1421875
1 0.5890625 0.4578125 0.0375 0.1375
1 0.39140625 0.45625 0.0515625 0.1671875
1 0.2734375 0.4421875 0.0484375 0.1609375
1 0.1 0.44140625 0.065625 0.175