0 0.24453125 0.62890625 0.09296875 0.39921875
0 0.178125 0.61484375 0.075 0.36953125
0 0.3359375 0.590625 0.05625 0.2875
0 0.4046875 0.59765625 0.06015625 0.29765625
0 0.46484375 0.57890625 0.0375 0.2421875
0 0.48984375 0.603125 0.071875 0.37578125
0 0.56328125 0.54765625 0.034375 0.2625
0 0.59921875 0.58671875 0.05078125 0.35
0 0.6640625 0.55078125 0.05546875 0.31796875
0 0.71640625 0.53671875 0.04765625 0.23984375
1 0.15625 0.528125 0.05859375 0.1796875
1 0.30859375 0.52109375 0.04609375 0.178125
1 0.42890625 0.50078125 0.0421875 0.13671875
1 0.5390625 0.4921875 0.03671875 0.1265625
1 0.62578125 0.484375 0.0359375 0.11875