0 0.22109375 0.56328125 0.1875 0.409375
0 0.16015625 0.53359375 0.1625 0.3765625
0 0.31875 0.5484375 0.1234375 0.2921875
0 0.38359375 0.571875 0.1296875 0.303125
0 0.446875 0.56796875 0.0953125 0.24375
0 0.46484375 0.59765625 0.1609375 0.38125
0 0.55 0.56171875 0.096875 0.2625
0 0.575 0.6078125 0.134375 0.3515625
0 0.646875 0.5890625 0.13125 0.321875
0 0.70078125 0.58828125 0.1046875 0.24375
1 0.159375 0.44375 0.1 0.1890625
1 0.309375 0.47421875 0.0875 0.184375
1 0.43046875 0.48359375 0.0734375 0.1421875
1 0.53984375 0.5015625 0.065625 0.13125
1 0.62578125 0.515625 0.0640625 0.1234375