0 0.184375 0.3765625 0.109375 0.1375
0 0.1328125 0.64765625 0.1484375 0.5796875
0 0.25234375 0.61796875 0.15 0.575
0 0.3578125 0.64453125 0.2 0.6703125
0 0.48515625 0.60234375 0.14375 0.5078125
0 0.5625 0.5765625 0.103125 0.384375
0 0.7078125 0.634375 0.1484375 0.5734375
0 0.8 0.56953125 0.096875 0.328125
0 0.8625 0.60390625 0.1203125 0.425
1 0.75859375 0.5015625 0.0515625 0.1828125
1 0.65078125 0.48984375 0.0671875 0.1875
1 0.515625 0.4859375 0.078125 0.209375
1 0.15625 0.46328125 0.115625 0.278125