0 0.1484375 0.44765625 0.1640625 0.378125
0 0.08984375 0.4578125 0.1453125 0.3328125
0 0.2984375 0.47734375 0.1421875 0.3296875
0 0.3453125 0.52578125 0.15 0.3484375
0 0.40234375 0.4953125 0.1203125 0.2734375
0 0.45 0.48984375 0.1265625 0.2984375
0 0.496875 0.51796875 0.1328125 0.3171875
0 0.56484375 0.5046875 0.115625 0.2671875
0 0.62734375 0.5265625 0.1265625 0.3171875
0 0.64921875 0.525 0.096875 0.24375
0 0.73828125 0.56015625 0.13125 0.2734375
1 0.1296875 0.35625 0.0890625 0.1828125
1 0.296875 0.3953125 0.0953125 0.1796875
1 0.4234375 0.42109375 0.084375 0.1625
1 0.53671875 0.43515625 0.075 0.153125
1 0.63125 0.46171875 0.06875 0.1328125