0 0.19453125 0.5 0.178125 0.4109375
0 0.13203125 0.47578125 0.140625 0.3265625
0 0.3265625 0.4921875 0.1359375 0.3125
0 0.3796875 0.51640625 0.159375 0.36875
0 0.44375 0.51484375 0.1046875 0.259375
0 0.48203125 0.51796875 0.1171875 0.2734375
0 0.5890625 0.52734375 0.1 0.253125
0 0.67734375 0.546875 0.1046875 0.24375
1 0.1734375 0.378125 0.09375 0.1859375
1 0.33359375 0.4125 0.0890625 0.16875
1 0.45078125 0.44296875 0.0765625 0.1515625
1 0.5640625 0.46328125 0.06875 0.1375
1 0.65546875 0.48125 0.065625 0.134375