0 0.1515625 0.5546875 0.1609375 0.4
0 0.24140625 0.58984375 0.1875 0.45625
0 0.31171875 0.634375 0.1953125 0.5078125
0 0.36953125 0.68828125 0.203125 0.509375
0 0.4859375 0.6265625 0.175 0.403125
0 0.54921875 0.4828125 0.05 0.090625
0 0.584375 0.57734375 0.1078125 0.2625
0 0.6296875 0.609375 0.1125 0.2765625
0 0.67734375 0.6390625 0.1390625 0.325
0 0.74765625 0.70078125 0.1546875 0.4
0 0.79375 0.64609375 0.1234375 0.296875
1 0.1296875 0.44375 0.11875 0.2296875
1 0.2859375 0.475 0.090625 0.1875
1 0.48359375 0.51484375 0.0703125 0.1453125
1 0.55 0.5265625 0.0671875 0.1375