0 0.14765625 0.52578125 0.0640625 0.28984375
0 0.23828125 0.5453125 0.0625 0.33515625
0 0.29296875 0.52890625 0.046875 0.30859375
0 0.409375 0.55390625 0.0609375 0.28359375
0 0.4484375 0.54609375 0.04765625 0.278125
0 0.55546875 0.54296875 0.065625 0.38828125
0 0.60390625 0.51015625 0.04921875 0.27734375
1 0.184375 0.46640625 0.040625 0.15625
1 0.31953125 0.465625 0.0453125 0.1578125
1 0.4484375 0.4640625 0.0484375 0.15390625
1 0.60078125 0.4625 0.046875 0.1515625
1 0.74921875 0.46796875 0.05 0.16953125