0 0.07578125 0.63203125 0.08515625 0.4484375
0 0.32421875 0.596875 0.0875 0.4
0 0.109375 0.5921875 0.08125 0.41171875
0 0.515625 0.58671875 0.0875 0.39765625
0 0.71640625 0.59609375 0.07421875 0.3734375
0 0.76328125 0.62265625 0.08828125 0.39609375
0 0.90859375 0.59921875 0.071875 0.38203125
1 0.125 0.50625 0.06796875 0.21015625
1 0.328125 0.4984375 0.0578125 0.19453125
1 0.50390625 0.51015625 0.06328125 0.2109375
1 0.6984375 0.51484375 0.0609375 0.19375
1 0.87109375 0.515625 0.05859375 0.19609375