0 0.25546875 0.71328125 0.178125 0.525
0 0.31171875 0.67578125 0.1578125 0.503125
0 0.46328125 0.6640625 0.2515625 0.6609375
0 0.5609375 0.5984375 0.175 0.446875
0 0.65625 0.5046875 0.140625 0.34375
0 0.69921875 0.509375 0.0984375 0.296875
0 0.746875 0.47421875 0.0875 0.259375
0 0.8109375 0.4890625 0.15625 0.365625
0 0.89140625 0.4296875 0.11875 0.325
0 0.94453125 0.421875 0.1109375 0.34375
1 0.20234375 0.58828125 0.1375 0.2921875
1 0.38515625 0.52109375 0.103125 0.23125
1 0.5109375 0.4875 0.0875 0.215625
1 0.6125 0.44765625 0.075 0.175
1 0.69375 0.41953125 0.065625 0.1578125