0 0.09140625 0.43515625 0.15625 0.3609375
0 0.17578125 0.44140625 0.1671875 0.3546875
0 0.25625 0.46953125 0.1765625 0.371875
0 0.3203125 0.47578125 0.1328125 0.2953125
0 0.46484375 0.5125 0.1453125 0.3125
0 0.59609375 0.5359375 0.1296875 0.2890625
0 0.7359375 0.5640625 0.134375 0.2765625
0 0.83671875 0.64140625 0.19375 0.4375
1 0.1703125 0.37109375 0.0953125 0.1796875
1 0.32734375 0.4109375 0.0875 0.171875
1 0.4640625 0.4328125 0.084375 0.1640625
1 0.60703125 0.46953125 0.084375 0.159375
1 0.721875 0.4859375 0.075 0.1453125