0 0.77265625 0.42421875 0.06875 0.2625
0 0.7375 0.44296875 0.1015625 0.340625
0 0.5640625 0.46953125 0.0796875 0.26875
0 0.6296875 0.46796875 0.0875 0.2875
0 0.20703125 0.590625 0.1359375 0.45
0 0.21640625 0.46015625 0.08125 0.134375
0 0.36171875 0.5234375 0.090625 0.3109375
0 0.32265625 0.6 0.1265625 0.434375
0 0.43515625 0.54453125 0.10625 0.35625
0 0.49921875 0.54453125 0.1171875 0.375
1 0.1578125 0.509375 0.0796875 0.1921875
1 0.315625 0.48515625 0.0734375 0.1921875
1 0.425 0.4625 0.065625 0.18125
1 0.521875 0.428125 0.046875 0.1328125
1 0.58984375 0.41328125 0.046875 0.1171875