0 0.08359375 0.48671875 0.06328125 0.315625
0 0.14921875 0.47890625 0.05078125 0.29296875
0 0.28046875 0.48984375 0.0609375 0.28671875
0 0.36953125 0.4921875 0.06171875 0.3125
0 0.43515625 0.48671875 0.05625 0.2875
0 0.52734375 0.5015625 0.0640625 0.34375
0 0.5921875 0.49296875 0.059375 0.29765625
1 0.1828125 0.421875 0.040625 0.14921875
1 0.31484375 0.42734375 0.0390625 0.15390625
1 0.440625 0.428125 0.03984375 0.14765625
1 0.590625 0.42421875 0.04609375 0.14453125
1 0.7359375 0.4328125 0.0453125 0.1640625