0 0.14140625 0.71015625 0.1609375 0.459375
0 0.22421875 0.7 0.2203125 0.5265625
0 0.33359375 0.7 0.2453125 0.6
0 0.496875 0.67734375 0.253125 0.6453125
0 0.575 0.615625 0.18125 0.50625
0 0.65390625 0.5046875 0.14375 0.3359375
0 0.74765625 0.49765625 0.1375 0.3796875
0 0.84296875 0.45625 0.13125 0.328125
0 0.9234375 0.43203125 0.1203125 0.296875
1 0.0984375 0.60078125 0.1296875 0.25625
1 0.28203125 0.546875 0.1125 0.2265625
1 0.4125 0.5015625 0.1 0.1859375
1 0.52265625 0.47890625 0.0890625 0.1828125
1 0.5875 0.43125 0.05625 0.11875