0 0.0453125 0.47109375 0.0640625 0.34375
0 0.11484375 0.459375 0.0609375 0.3265625
0 0.19609375 0.4859375 0.078125 0.3765625
0 0.25390625 0.4734375 0.0484375 0.3109375
0 0.296875 0.47890625 0.0484375 0.275
0 0.353125 0.48125 0.0765625 0.4625
0 0.41171875 0.4734375 0.053125 0.340625
0 0.465625 0.46484375 0.0640625 0.378125
0 0.6 0.50078125 0.084375 0.371875
0 0.715625 0.50078125 0.0828125 0.3625
0 0.796875 0.4984375 0.0734375 0.3765625
1 0.13984375 0.39375 0.0546875 0.1734375
1 0.29453125 0.39296875 0.0484375 0.1703125
1 0.446875 0.403125 0.05 0.1734375
1 0.609375 0.40625 0.0546875 0.1734375
1 0.775 0.41484375 0.053125 0.18125