0 0.22890625 0.68046875 0.1484375 0.5765625
0 0.3515625 0.6390625 0.1078125 0.4234375
0 0.4546875 0.62734375 0.1109375 0.45625
0 0.51875 0.6 0.0765625 0.3703125
0 0.61015625 0.6359375 0.11875 0.56875
0 0.66484375 0.57109375 0.06875 0.3921875
0 0.71484375 0.57109375 0.0875 0.3625
0 0.7640625 0.53828125 0.06875 0.3015625
0 0.8515625 0.53671875 0.0765625 0.35
1 0.11484375 0.53984375 0.0984375 0.2703125
1 0.32109375 0.51796875 0.078125 0.228125
1 0.46875 0.5015625 0.0671875 0.2046875
1 0.69375 0.48203125 0.0546875 0.16875
0 0.13359375 0.68125 0.1078125 0.4828125