0 0.215625 0.559375 0.15 0.5078125
0 0.30625 0.5828125 0.16875 0.54375
0 0.39921875 0.575 0.096875 0.384375
0 0.45390625 0.59296875 0.1078125 0.3875
0 0.5921875 0.55390625 0.071875 0.2859375
0 0.62734375 0.61953125 0.1390625 0.4640625
0 0.675 0.5625 0.0734375 0.3046875
0 0.7203125 0.58828125 0.09375 0.3078125
0 0.80234375 0.58515625 0.1109375 0.3234375
0 0.91484375 0.5859375 0.0859375 0.2875
1 0.63671875 0.49921875 0.053125 0.159375
1 0.56171875 0.4875 0.059375 0.1640625
1 0.346875 0.46875 0.078125 0.20625
1 0.17265625 0.45859375 0.1078125 0.259375
1 0.46171875 0.4640625 0.0640625 0.159375