0 0.0640625 0.640625 0.128125 0.48125
0 0.16328125 0.60703125 0.0703125 0.48046875
0 0.25390625 0.65703125 0.11875 0.54453125
0 0.38515625 0.571875 0.0859375 0.43828125
0 0.48515625 0.60859375 0.09921875 0.471875
0 0.6640625 0.5890625 0.08203125 0.42890625
0 0.7328125 0.51640625 0.04296875 0.3109375
0 0.7640625 0.5640625 0.0515625 0.340625
0 0.87109375 0.54765625 0.0765625 0.31484375
1 0.121875 0.49609375 0.0734375 0.25546875
1 0.32421875 0.4796875 0.0609375 0.21484375
1 0.471875 0.47734375 0.05546875 0.19375
1 0.59296875 0.46875 0.03984375 0.16796875
1 0.68984375 0.4625 0.0375 0.1515625