0 0.2640625 0.71640625 0.24375 0.5671875
0 0.378125 0.6625 0.178125 0.425
0 0.478125 0.63359375 0.1875 0.4578125
0 0.5359375 0.5953125 0.1375 0.36875
0 0.63203125 0.6140625 0.2140625 0.5671875
0 0.67421875 0.54140625 0.1359375 0.3890625
0 0.72421875 0.5328125 0.146875 0.3640625
0 0.76640625 0.49140625 0.11875 0.3015625
0 0.853125 0.475 0.1359375 0.35
1 0.128125 0.60625 0.140625 0.2765625
1 0.32734375 0.5484375 0.115625 0.2328125
1 0.46953125 0.50703125 0.1 0.2078125
1 0.6875 0.4484375 0.0828125 0.171875
0 0.17109375 0.7421875 0.1890625 0.4828125