0 0.08671875 0.6234375 0.0953125 0.484375
0 0.19375 0.6015625 0.08828125 0.47734375
0 0.278125 0.64140625 0.0921875 0.57578125
0 0.5 0.58203125 0.0828125 0.4328125
0 0.36796875 0.43515625 0.0328125 0.09609375
0 0.40234375 0.67734375 0.1265625 0.6109375
0 0.8375 0.578125 0.07109375 0.3984375
0 0.7828125 0.5640625 0.04453125 0.3546875
0 0.709375 0.67890625 0.0921875 0.55390625
0 0.60703125 0.58515625 0.03515625 0.359375
0 0.56640625 0.62890625 0.078125 0.48828125
1 0.14609375 0.50390625 0.059375 0.234375
1 0.334375 0.496875 0.0484375 0.21015625
1 0.46171875 0.4890625 0.046875 0.184375
1 0.659375 0.48203125 0.04609375 0.1578125