0 0.2796875 0.6140625 0.06640625 0.37578125
0 0.3515625 0.59765625 0.075 0.3734375
0 0.4328125 0.60390625 0.078125 0.4453125
0 0.56171875 0.57890625 0.07734375 0.36796875
0 0.63125 0.53203125 0.03984375 0.284375
0 0.6625 0.60390625 0.06953125 0.375
0 0.7109375 0.54609375 0.03828125 0.27109375
0 0.775 0.5515625 0.05 0.3140625
1 0.6484375 0.490625 0.03203125 0.134375
1 0.5890625 0.48671875 0.03046875 0.1328125
1 0.5109375 0.4953125 0.03515625 0.15546875
1 0.42578125 0.49921875 0.05625 0.17890625
1 0.28515625 0.503125 0.059375 0.18984375