0 0.15078125 0.6890625 0.1953125 0.5015625
0 0.24140625 0.725 0.19375 0.503125
0 0.32578125 0.7046875 0.2484375 0.590625
0 0.36953125 0.62421875 0.146875 0.434375
0 0.428125 0.62734375 0.1796875 0.4671875
0 0.51015625 0.659375 0.19375 0.496875
0 0.87890625 0.478125 0.121875 0.3625
0 0.84765625 0.4796875 0.1046875 0.3640625
0 0.80390625 0.52109375 0.140625 0.39375
0 0.7640625 0.5796875 0.1546875 0.44375
0 0.63359375 0.64140625 0.234375 0.5578125
0 0.696875 0.58671875 0.1453125 0.428125
0 0.6125 0.41015625 0.059375 0.096875
0 0.71484375 0.346875 0.0453125 0.046875
1 0.68125 0.4578125 0.084375 0.2109375
1 0.4515625 0.5078125 0.103125 0.2328125
1 0.3140625 0.5375 0.096875 0.246875
1 0.09921875 0.58671875 0.1296875 0.2703125