0 0.25859375 0.55703125 0.1546875 0.38125
0 0.33203125 0.55859375 0.1625 0.38125
0 0.409375 0.584375 0.1828125 0.4515625
0 0.540625 0.59140625 0.1640625 0.375
0 0.61953125 0.5625 0.1078125 0.2859375
0 0.6328125 0.63984375 0.1578125 0.38125
0 0.69375 0.59609375 0.103125 0.271875
0 0.7546875 0.61640625 0.125 0.3171875
1 0.64609375 0.5265625 0.0640625 0.1375
1 0.58984375 0.50859375 0.0609375 0.1359375
1 0.51171875 0.4984375 0.071875 0.159375
1 0.428125 0.48125 0.0984375 0.1875
1 0.290625 0.45078125 0.103125 0.1984375