0 0.26171875 0.665625 0.2078125 0.50625
0 0.35390625 0.65234375 0.2296875 0.540625
0 0.43671875 0.60859375 0.140625 0.3796875
0 0.49375 0.60390625 0.1515625 0.384375
0 0.60546875 0.5140625 0.1046875 0.2828125
0 0.6640625 0.56015625 0.1921875 0.4625
0 0.68515625 0.4890625 0.109375 0.3015625
0 0.7375 0.4953125 0.128125 0.30625
0 0.8109375 0.46015625 0.146875 0.3234375
0 0.915625 0.4171875 0.11875 0.2859375
1 0.62578125 0.44609375 0.071875 0.159375
1 0.5515625 0.4640625 0.078125 0.165625
1 0.346875 0.53125 0.1 0.2078125
1 0.1828125 0.58984375 0.1359375 0.2625
1 0.45078125 0.48203125 0.08125 0.1609375