0 0.2265625 0.5984375 0.08125 0.5015625
0 0.31953125 0.609375 0.09453125 0.53515625
0 0.4109375 0.58828125 0.04375 0.38125
0 0.4671875 0.5984375 0.0546875 0.38359375
0 0.5984375 0.540625 0.03203125 0.284375
0 0.64296875 0.60078125 0.07578125 0.4578125
0 0.68203125 0.5375 0.03203125 0.30390625
0 0.73046875 0.55703125 0.0515625 0.30390625
0 0.8109375 0.5421875 0.06796875 0.31640625
0 0.92265625 0.52734375 0.046875 0.28359375
1 0.63515625 0.48046875 0.03203125 0.15703125
1 0.559375 0.47890625 0.0375 0.1609375
1 0.34375 0.490625 0.05 0.2015625
1 0.1703125 0.5046875 0.0734375 0.25234375
1 0.45703125 0.46953125 0.04296875 0.1546875