0 0.20390625 0.71953125 0.1375 0.3796875
0 0.265625 0.68984375 0.19375 0.4515625
0 0.375 0.62734375 0.15625 0.36875
0 0.45 0.6375 0.1515625 0.38125
0 0.5140625 0.615625 0.184375 0.428125
0 0.59765625 0.546875 0.1265625 0.303125
0 0.6671875 0.5109375 0.1015625 0.2421875
0 0.71640625 0.54453125 0.1265625 0.3234375
0 0.8125 0.50390625 0.1234375 0.3015625
1 0.153125 0.6171875 0.115625 0.228125
1 0.31328125 0.56875 0.0953125 0.196875
1 0.434375 0.5328125 0.0859375 0.1796875
1 0.54453125 0.5 0.0703125 0.1578125
1 0.62890625 0.4765625 0.0703125 0.1453125