0 0.19296875 0.70390625 0.11875 0.38125
0 0.25625 0.67734375 0.171875 0.453125
0 0.36796875 0.6203125 0.1375 0.36875
0 0.44296875 0.634375 0.1328125 0.38125
0 0.50859375 0.61640625 0.1640625 0.4296875
0 0.5953125 0.55234375 0.1109375 0.303125
0 0.66640625 0.51953125 0.0890625 0.2421875
0 0.7140625 0.55546875 0.1109375 0.3234375
0 0.81171875 0.5203125 0.109375 0.3015625
1 0.14765625 0.5984375 0.1046875 0.228125
1 0.31015625 0.559375 0.0859375 0.196875
1 0.4328125 0.52890625 0.0765625 0.1796875
1 0.54453125 0.50234375 0.0625 0.1578125
1 0.6296875 0.48359375 0.0640625 0.1453125