0 0.12109375 0.70703125 0.19375 0.49375
0 0.221875 0.66328125 0.1859375 0.4859375
0 0.3125 0.684375 0.209375 0.5828125
0 0.5171875 0.58046875 0.1703125 0.440625
0 0.35703125 0.4640625 0.0515625 0.1015625
0 0.44140625 0.690625 0.2515625 0.61875
0 0.84609375 0.50625 0.153125 0.4046875
0 0.78984375 0.50390625 0.1171875 0.35625
0 0.7421875 0.63125 0.2046875 0.5609375
0 0.62265625 0.5609375 0.109375 0.359375
0 0.59140625 0.6125 0.178125 0.49375
1 0.1546875 0.57734375 0.10625 0.2421875
1 0.3375 0.53125 0.090625 0.215625
1 0.46015625 0.496875 0.084375 0.190625
1 0.65234375 0.44921875 0.078125 0.1640625