0 0.0671875 0.63828125 0.0921875 0.50234375
0 0.29921875 0.5859375 0.0765625 0.42265625
0 0.503125 0.56640625 0.046875 0.41796875
0 0.52890625 0.3671875 0.06796875 0.08828125
0 0.60546875 0.54140625 0.04453125 0.325
0 0.7046875 0.5171875 0.05078125 0.29921875
0 0.86640625 0.56875 0.08515625 0.4203125
1 0.03671875 0.49375 0.0734375 0.290625
1 0.265625 0.478125 0.0671875 0.2453125
1 0.42734375 0.46796875 0.05625 0.20859375
1 0.56015625 0.45703125 0.04140625 0.18671875
1 0.66015625 0.4484375 0.03515625 0.165625