0 0.0703125 0.59453125 0.140625 0.4921875
0 0.15390625 0.57109375 0.1203125 0.4859375
0 0.2390625 0.63046875 0.175 0.5546875
0 0.378125 0.559375 0.13125 0.4453125
0 0.47421875 0.60625 0.1484375 0.4796875
0 0.65390625 0.60546875 0.1265625 0.434375
0 0.7296875 0.540625 0.075 0.3140625
0 0.75625 0.59140625 0.0875 0.34375
0 0.8640625 0.5859375 0.109375 0.321875
1 0.12421875 0.45625 0.1 0.2625
1 0.32734375 0.46171875 0.0828125 0.2203125
1 0.47421875 0.47421875 0.075 0.1984375
1 0.59609375 0.47890625 0.0578125 0.171875
1 0.69296875 0.4828125 0.053125 0.1546875