0 0.07734375 0.58671875 0.1375 0.490625
0 0.1859375 0.57421875 0.1296875 0.4828125
0 0.26640625 0.621875 0.1421875 0.58125
0 0.49296875 0.58203125 0.1203125 0.4390625
0 0.37421875 0.42421875 0.040625 0.0984375
0 0.3875 0.66796875 0.1796875 0.6203125
0 0.8296875 0.60703125 0.10625 0.403125
0 0.77578125 0.58828125 0.075 0.3578125
0 0.69296875 0.69609375 0.140625 0.559375
0 0.59921875 0.59453125 0.065625 0.3609375
0 0.5546875 0.634375 0.1203125 0.49375
1 0.146875 0.47265625 0.0796875 0.2390625
1 0.33515625 0.4828125 0.0671875 0.2140625
1 0.4625 0.4859375 0.0625 0.1875
1 0.66015625 0.49609375 0.059375 0.1609375