0 0.11875 0.6125 0.0953125 0.4921875
0 0.2 0.66640625 0.0921875 0.49453125
0 0.2875 0.665625 0.13125 0.578125
0 0.346875 0.59453125 0.0578125 0.43203125
0 0.403125 0.609375 0.0859375 0.45859375
0 0.4765625 0.6578125 0.09375 0.48828125
0 0.875 0.55703125 0.04765625 0.36015625
0 0.84453125 0.55234375 0.0296875 0.36640625
0 0.79296875 0.58359375 0.06015625 0.38984375
0 0.74140625 0.6328125 0.06484375 0.440625
0 0.6015625 0.66640625 0.12421875 0.54375
0 0.67421875 0.62578125 0.05859375 0.42578125
0 0.62890625 0.43515625 0.0421875 0.090625
0 0.7421875 0.3953125 0.03828125 0.0390625
1 0.6859375 0.49609375 0.0421875 0.20703125
1 0.45078125 0.49765625 0.05703125 0.2265625
1 0.31015625 0.49765625 0.04765625 0.24296875
1 0.08984375 0.5015625 0.078125 0.259375