0 0.3109375 0.6609375 0.15 0.38125
0 0.37734375 0.62890625 0.1578125 0.38125
0 0.4578125 0.61640625 0.1765625 0.4515625
0 0.578125 0.56328125 0.1578125 0.3765625
0 0.63515625 0.5015625 0.103125 0.2859375
0 0.68203125 0.56484375 0.1515625 0.38125
0 0.715625 0.49765625 0.0984375 0.2734375
0 0.7796875 0.48828125 0.11875 0.3171875
1 0.6421875 0.4578125 0.0609375 0.1375
1 0.58359375 0.4671875 0.059375 0.1359375
1 0.509375 0.49296875 0.06875 0.159375
1 0.42734375 0.515625 0.0953125 0.1875
1 0.29140625 0.5515625 0.1 0.1984375