0 0.10390625 0.5375 0.1875 0.5015625
0 0.1734375 0.60625 0.184375 0.503125
0 0.26015625 0.621875 0.2390625 0.5921875
0 0.33203125 0.56328125 0.1390625 0.434375
0 0.384375 0.5890625 0.171875 0.4671875
0 0.446875 0.65078125 0.1859375 0.496875
0 0.85703125 0.62734375 0.115625 0.3625
0 0.828125 0.6171875 0.0984375 0.365625
0 0.771875 0.63828125 0.1328125 0.39375
0 0.71171875 0.6765625 0.1484375 0.4453125
0 0.56796875 0.6828125 0.225 0.5578125
0 0.646875 0.65703125 0.1390625 0.4296875
0 0.6390625 0.4609375 0.059375 0.096875
0 0.7578125 0.44375 0.0453125 0.0453125
1 0.68359375 0.53203125 0.08125 0.2109375
1 0.45234375 0.48828125 0.0984375 0.2328125
1 0.3140625 0.46171875 0.09375 0.246875
1 0.096875 0.4234375 0.1265625 0.26875