0 0.92265625 0.57265625 0.10625 0.325
0 0.80625 0.54296875 0.096875 0.3078125
0 0.70234375 0.51953125 0.0875 0.3359375
0 0.74921875 0.55703125 0.128125 0.3859375
0 0.11484375 0.58359375 0.121875 0.3859375
0 0.21015625 0.6171875 0.2109375 0.690625
0 0.33515625 0.5203125 0.13125 0.425
0 0.42734375 0.54453125 0.1390625 0.4828125
0 0.50703125 0.51328125 0.115625 0.390625
0 0.56484375 0.54921875 0.0890625 0.390625
0 0.5953125 0.60546875 0.1546875 0.5296875
1 0.10703125 0.4078125 0.10625 0.265625
1 0.31015625 0.425 0.090625 0.2328125
1 0.4546875 0.4484375 0.0828125 0.23125
1 0.5859375 0.46171875 0.08125 0.2078125
1 0.68203125 0.4515625 0.059375 0.1625
0 0.22265625 0.2953125 0.1203125 0.1359375