0 0.09296875 0.61875 0.1140625 0.4984375
0 0.2140625 0.62578125 0.11640625 0.53125
0 0.3390625 0.57109375 0.0671875 0.4609375
0 0.42109375 0.609375 0.090625 0.509375
0 0.52265625 0.56640625 0.05859375 0.396875
0 0.58671875 0.57109375 0.06796875 0.4921875
0 0.66875 0.55703125 0.06640625 0.33984375
0 0.78828125 0.53359375 0.04921875 0.321875
0 0.84375 0.5640625 0.0671875 0.41640625
0 0.90234375 0.5671875 0.04765625 0.32890625
1 0.74296875 0.46484375 0.0453125 0.165625
1 0.62734375 0.46953125 0.046875 0.18203125
1 0.47890625 0.47734375 0.05546875 0.196875
1 0.3203125 0.484375 0.065625 0.2203125
1 0.09921875 0.49609375 0.0765625 0.26484375