0 0.09765625 0.6328125 0.13125 0.5015625
0 0.21875 0.6359375 0.134375 0.534375
0 0.34140625 0.5765625 0.0828125 0.4625
0 0.425 0.61171875 0.1078125 0.5125
0 0.525 0.565625 0.071875 0.3984375
0 0.5890625 0.56796875 0.084375 0.49375
0 0.6703125 0.55078125 0.078125 0.3421875
0 0.7890625 0.5234375 0.0609375 0.3234375
0 0.84609375 0.55234375 0.08125 0.41875
0 0.9046875 0.553125 0.059375 0.3296875
1 0.74140625 0.45625 0.0515625 0.1671875
1 0.6265625 0.46484375 0.053125 0.1828125
1 0.478125 0.478125 0.0625 0.1984375
1 0.31953125 0.490625 0.0734375 0.221875
1 0.09921875 0.51015625 0.0859375 0.2671875