0 0.09609375 0.5515625 0.178125 0.4921875
0 0.1640625 0.5296875 0.10625 0.359375
0 0.2140625 0.5796875 0.115625 0.3375
0 0.32421875 0.56484375 0.0953125 0.3484375
0 0.34921875 0.58203125 0.1265625 0.43125
0 0.38828125 0.67265625 0.1609375 0.4625
0 0.49921875 0.5828125 0.096875 0.328125
0 0.53984375 0.6015625 0.1125 0.353125
0 0.609375 0.6078125 0.1515625 0.40625
0 0.66875 0.61171875 0.0828125 0.284375
0 0.70859375 0.63671875 0.103125 0.321875
0 0.7828125 0.65546875 0.125 0.3671875
0 0.8703125 0.584375 0.0875 0.271875
0 0.90390625 0.67734375 0.159375 0.4625
1 0.175 0.45078125 0.0828125 0.190625
1 0.3515625 0.484375 0.0765625 0.190625
1 0.49765625 0.50703125 0.071875 0.1765625
1 0.65390625 0.5234375 0.0671875 0.1671875
1 0.78125 0.54765625 0.071875 0.171875