0 0.15234375 0.4921875 0.128125 0.4375
0 0.246875 0.525 0.134375 0.4421875
0 0.39375 0.5140625 0.0921875 0.3421875
0 0.44140625 0.53359375 0.121875 0.4078125
0 0.53046875 0.51171875 0.1 0.3125
0 0.64921875 0.51015625 0.0890625 0.278125
0 0.73671875 0.5203125 0.084375 0.240625
0 0.8625 0.55390625 0.11875 0.371875
1 0.18125 0.3953125 0.0921875 0.215625
1 0.365625 0.42109375 0.0734375 0.190625
1 0.50546875 0.4359375 0.0640625 0.16875
1 0.62421875 0.45 0.0578125 0.15625
1 0.71640625 0.4578125 0.053125 0.140625