0 0.1046875 0.65390625 0.1578125 0.50625
0 0.22578125 0.65 0.1625 0.5390625
0 0.34609375 0.58515625 0.1078125 0.465625
0 0.43125 0.615625 0.134375 0.515625
0 0.528125 0.5640625 0.0921875 0.4
0 0.59296875 0.56328125 0.1109375 0.496875
0 0.6734375 0.5421875 0.0953125 0.34375
0 0.78984375 0.50859375 0.0765625 0.325
0 0.84765625 0.53359375 0.103125 0.4203125
0 0.90703125 0.53203125 0.0765625 0.33125
1 0.7390625 0.44375 0.059375 0.16875
1 0.62421875 0.45859375 0.0625 0.1859375
1 0.47734375 0.47890625 0.071875 0.2015625
1 0.31953125 0.5 0.084375 0.225
1 0.10078125 0.53125 0.1 0.2703125