0 0.109375 0.6140625 0.10390625 0.48203125
0 0.17265625 0.58203125 0.0515625 0.35625
0 0.2296875 0.6234375 0.0640625 0.33125
0 0.33671875 0.59140625 0.04140625 0.346875
0 0.3640625 0.6046875 0.0609375 0.42734375
0 0.41640625 0.68828125 0.09140625 0.453125
0 0.5125 0.58203125 0.04609375 0.32421875
0 0.55546875 0.59375 0.05859375 0.3484375
0 0.625 0.5890625 0.08984375 0.39765625
0 0.684375 0.58359375 0.0390625 0.28203125
0 0.72734375 0.60234375 0.05390625 0.3171875
0 0.80390625 0.609375 0.06953125 0.3609375
0 0.87890625 0.52578125 0.046875 0.2671875
0 0.9265625 0.61171875 0.0890625 0.45390625
1 0.17109375 0.50234375 0.05390625 0.184375
1 0.35078125 0.5078125 0.04765625 0.1859375
1 0.4984375 0.50703125 0.04609375 0.17109375
1 0.65546875 0.49921875 0.04296875 0.16171875
1 0.78515625 0.503125 0.046875 0.16640625