0 0.928125 0.528125 0.0734375 0.321875
0 0.809375 0.5109375 0.065625 0.3046875
0 0.703125 0.4984375 0.053125 0.334375
0 0.75390625 0.53046875 0.0890625 0.38125
0 0.12578125 0.6234375 0.0828125 0.3828125
0 0.2234375 0.646875 0.1421875 0.684375
0 0.33828125 0.5375 0.0890625 0.4203125
0 0.4328125 0.5515625 0.090625 0.478125
0 0.5078125 0.5125 0.0765625 0.3875
0 0.56953125 0.5421875 0.0484375 0.390625
0 0.60625 0.5953125 0.1015625 0.525
1 0.09921875 0.44921875 0.0796875 0.259375
1 0.303125 0.4453125 0.06875 0.228125
1 0.44921875 0.45390625 0.059375 0.228125
1 0.58125 0.453125 0.059375 0.2046875
1 0.67578125 0.4328125 0.04375 0.1609375
0 0.203125 0.32578125 0.1078125 0.1265625