0 0.92890625 0.51328125 0.06171875 0.31953125
0 0.809375 0.5 0.05546875 0.303125
0 0.703125 0.49140625 0.04140625 0.33359375
0 0.7546875 0.521875 0.07578125 0.37890625
0 0.13046875 0.63671875 0.0703125 0.38046875
0 0.22890625 0.65625 0.11796875 0.68046875
0 0.33984375 0.54296875 0.07421875 0.41875
0 0.434375 0.55390625 0.07421875 0.4765625
0 0.50859375 0.5125 0.0625 0.38515625
0 0.57109375 0.53984375 0.03515625 0.3890625
0 0.609375 0.59140625 0.0828125 0.52265625
1 0.09765625 0.46328125 0.07109375 0.2578125
1 0.3015625 0.45234375 0.06015625 0.2265625
1 0.44765625 0.45546875 0.0515625 0.22578125
1 0.5796875 0.45 0.053125 0.20234375
1 0.6734375 0.4265625 0.0375 0.159375
0 0.196875 0.3359375 0.10390625 0.12265625