0 0.1234375 0.65390625 0.153125 0.490625
0 0.1828125 0.615625 0.0890625 0.359375
0 0.24375 0.65078125 0.0984375 0.3359375
0 0.346875 0.6078125 0.078125 0.35
0 0.37578125 0.61796875 0.1046875 0.43125
0 0.43671875 0.69609375 0.1375 0.4609375
0 0.52109375 0.58046875 0.0796875 0.3265625
0 0.56484375 0.5875 0.0953125 0.353125
0 0.63359375 0.57578125 0.13125 0.4046875
0 0.6921875 0.5640625 0.06875 0.284375
0 0.73671875 0.578125 0.0875 0.3203125
0 0.8140625 0.57734375 0.10625 0.365625
0 0.8796875 0.4859375 0.075 0.2703125
0 0.93359375 0.56640625 0.1328125 0.4609375
1 0.1734375 0.53671875 0.0734375 0.1890625
1 0.35234375 0.5234375 0.0671875 0.190625
1 0.49921875 0.50703125 0.0640625 0.175
1 0.6546875 0.4828125 0.059375 0.165625
1 0.78359375 0.4734375 0.0640625 0.1703125