0 0.15390625 0.534375 0.07578125 0.43203125
0 0.2515625 0.55546875 0.08125 0.43515625
0 0.39609375 0.5265625 0.0515625 0.33828125
0 0.44609375 0.540625 0.0734375 0.4015625
0 0.53203125 0.5078125 0.0625 0.30703125
0 0.64921875 0.4921875 0.05546875 0.27265625
0 0.7375 0.49140625 0.05546875 0.23515625
0 0.86640625 0.509375 0.07421875 0.36484375
1 0.17109375 0.43515625 0.0671875 0.209375
1 0.35703125 0.43828125 0.0515625 0.18515625
1 0.49765625 0.4359375 0.04375 0.16484375
1 0.6171875 0.43515625 0.03984375 0.153125
1 0.709375 0.43203125 0.03671875 0.13671875