0 0.32421875 0.59609375 0.08046875 0.4703125
0 0.41015625 0.58828125 0.07578125 0.41796875
0 0.5015625 0.56171875 0.08515625 0.46640625
0 0.58125 0.5703125 0.0640625 0.37578125
0 0.66015625 0.41953125 0.0359375 0.10859375
0 0.690625 0.57890625 0.04609375 0.37890625
0 0.7375 0.565625 0.06171875 0.446875
0 0.796875 0.55234375 0.05390625 0.3625
1 0.2515625 0.47109375 0.0640625 0.2640625
1 0.40546875 0.47109375 0.04765625 0.24140625
1 0.51640625 0.471875 0.04140625 0.20625
1 0.61953125 0.47265625 0.03125 0.19140625