0 0.853125 0.57265625 0.075 0.4015625
0 0.75625 0.56953125 0.075 0.35234375
0 0.68828125 0.609375 0.06484375 0.41484375
0 0.60234375 0.603125 0.065625 0.34921875
0 0.52578125 0.62265625 0.0875 0.475
0 0.2078125 0.61875 0.1171875 0.51953125
0 0.328125 0.55234375 0.07734375 0.365625
0 0.403125 0.6875 0.1125 0.61796875
1 0.2140625 0.503125 0.0765625 0.22578125
1 0.41484375 0.51015625 0.05859375 0.2328125
1 0.56171875 0.49609375 0.04453125 0.19921875
1 0.6953125 0.4890625 0.0515625 0.17109375
1 0.79453125 0.48515625 0.0421875 0.1671875