0 0.83515625 0.6328125 0.14375 0.4078125
0 0.740625 0.61328125 0.134375 0.359375
0 0.66640625 0.640625 0.1359375 0.4203125
0 0.5828125 0.61953125 0.125 0.3546875
0 0.50390625 0.625 0.16875 0.4828125
0 0.19140625 0.56640625 0.20625 0.53125
0 0.321875 0.521875 0.1390625 0.3734375
0 0.371875 0.66796875 0.21875 0.628125
1 0.21796875 0.453125 0.1140625 0.2359375
1 0.4140625 0.4953125 0.0984375 0.2390625
1 0.56171875 0.50703125 0.078125 0.2046875
1 0.69453125 0.5234375 0.08125 0.178125
1 0.79296875 0.53671875 0.0703125 0.171875