0 0.2921875 0.58203125 0.07265625 0.4734375
0 0.42890625 0.6296875 0.0734375 0.44921875
0 0.41640625 0.3765625 0.0484375 0.06484375
0 0.84375 0.528125 0.06328125 0.35390625
0 0.78125 0.55234375 0.0625 0.42578125
0 0.68984375 0.54765625 0.0625 0.39375
0 0.61484375 0.5078125 0.04375 0.3453125
0 0.540625 0.58046875 0.05234375 0.4203125
0 0.59453125 0.61171875 0.0640625 0.4453125
1 0.20625 0.48671875 0.06328125 0.25
1 0.35078125 0.475 0.05078125 0.21796875
1 0.45390625 0.46484375 0.040625 0.18828125
1 0.54921875 0.46328125 0.04140625 0.196875