0 0.14921875 0.6265625 0.11875 0.68125
0 0.32265625 0.6828125 0.1046875 0.60625
0 0.40546875 0.60078125 0.06796875 0.540625
0 0.47578125 0.64765625 0.06953125 0.57265625
0 0.5734375 0.60859375 0.06796875 0.4125
0 0.703125 0.56328125 0.04375 0.3734375
0 0.7453125 0.609375 0.06953125 0.5
0 0.81875 0.559375 0.05859375 0.34921875
0 0.928125 0.55859375 0.0796875 0.5171875
1 0.0609375 0.50546875 0.07734375 0.32890625
1 0.32421875 0.4859375 0.08046875 0.284375
1 0.50390625 0.46875 0.05390625 0.2296875
1 0.6484375 0.4703125 0.0515625 0.2140625
1 0.7625 0.45625 0.0453125 0.18359375