0 0.16328125 0.65859375 0.1890625 0.6828125
0 0.34296875 0.69609375 0.1671875 0.6078125
0 0.41640625 0.61015625 0.1234375 0.5453125
0 0.49140625 0.64921875 0.1296875 0.5765625
0 0.584375 0.6 0.1109375 0.4171875
0 0.70859375 0.54140625 0.0828125 0.3765625
0 0.75546875 0.5828125 0.121875 0.5046875
0 0.8234375 0.52578125 0.0953125 0.353125
0 0.93203125 0.51328125 0.1328125 0.5234375
1 0.0640625 0.5515625 0.1109375 0.3359375
1 0.3234375 0.5046875 0.109375 0.290625
1 0.50078125 0.46875 0.078125 0.234375
1 0.64453125 0.4546875 0.0734375 0.21875
1 0.75625 0.42890625 0.0640625 0.1875