0 0.30390625 0.60703125 0.1296875 0.478125
0 0.4453125 0.6375 0.128125 0.4546875
0 0.40234375 0.3875 0.05625 0.0703125
0 0.84453125 0.4859375 0.10625 0.359375
0 0.78515625 0.51796875 0.1140625 0.4296875
0 0.69453125 0.52421875 0.109375 0.3984375
0 0.61484375 0.49375 0.0859375 0.3484375
0 0.55 0.575 0.103125 0.4234375
0 0.6078125 0.59921875 0.1171875 0.45
1 0.20703125 0.52265625 0.09375 0.25625
1 0.34921875 0.49375 0.0765625 0.221875
1 0.45 0.47109375 0.0625 0.1921875
1 0.54453125 0.4578125 0.065625 0.2