0 0.28359375 0.55625 0.1296875 0.478125
0 0.41328125 0.6203125 0.128125 0.4546875
0 0.43203125 0.3671875 0.05625 0.0703125
0 0.8375 0.56953125 0.10625 0.359375
0 0.77265625 0.5859375 0.1140625 0.4296875
0 0.6828125 0.5703125 0.109375 0.3984375
0 0.61328125 0.521875 0.0859375 0.3484375
0 0.53046875 0.58515625 0.103125 0.4234375
0 0.58046875 0.62265625 0.1171875 0.45
1 0.21015625 0.45078125 0.09375 0.25625
1 0.3546875 0.45703125 0.0765625 0.221875
1 0.45859375 0.459375 0.0625 0.1921875
1 0.553125 0.46953125 0.065625 0.2