0 0.19453125 0.525 0.196875 0.509375
0 0.296875 0.53515625 0.1578125 0.45
0 0.39609375 0.56171875 0.15625 0.48125
0 0.45078125 0.5203125 0.125 0.4109375
0 0.70703125 0.56484375 0.1515625 0.384375
0 0.50078125 0.5375 0.109375 0.3515625
0 0.56796875 0.39921875 0.05 0.0796875
0 0.5578125 0.56875 0.109375 0.3640625
0 0.59140625 0.57734375 0.1328125 0.4203125
1 0.253125 0.41484375 0.1 0.2484375
1 0.39375 0.43125 0.0921875 0.21875
1 0.49921875 0.4515625 0.08125 0.2046875
1 0.6015625 0.47265625 0.0765625 0.209375
1 0.6703125 0.47421875 0.0671875 0.1796875
0 0.6390625 0.52890625 0.1234375 0.33125