0 0.2046875 0.5828125 0.10390625 0.49921875
0 0.30703125 0.5734375 0.075 0.44453125
0 0.41015625 0.58046875 0.06640625 0.478125
0 0.45546875 0.5296875 0.046875 0.41015625
0 0.715625 0.52421875 0.08203125 0.37578125
0 0.5078125 0.53671875 0.04375 0.35
0 0.54765625 0.38828125 0.0359375 0.07421875
0 0.56953125 0.55625 0.04140625 0.36328125
0 0.6046875 0.55859375 0.0546875 0.41796875
1 0.24140625 0.46328125 0.05546875 0.2421875
1 0.3828125 0.453125 0.053125 0.2125
1 0.48984375 0.45234375 0.04296875 0.20078125
1 0.59453125 0.45390625 0.03828125 0.20625
1 0.6625 0.4421875 0.03359375 0.17578125
0 0.6421875 0.5015625 0.0625 0.325