0 0.19375 0.51953125 0.2046875 0.509375
0 0.29609375 0.53203125 0.165625 0.45
0 0.3953125 0.56015625 0.1640625 0.48125
0 0.45 0.51953125 0.13125 0.4109375
0 0.70625 0.56875 0.1578125 0.384375
0 0.5 0.5375 0.115625 0.3515625
0 0.56953125 0.40078125 0.05 0.0796875
0 0.55625 0.56953125 0.115625 0.3640625
0 0.58984375 0.57890625 0.140625 0.4203125
1 0.2546875 0.41015625 0.1046875 0.2484375
1 0.3953125 0.4296875 0.096875 0.21875
1 0.5 0.4515625 0.084375 0.2046875
1 0.60234375 0.47421875 0.0796875 0.209375
1 0.67109375 0.47734375 0.06875 0.1796875
0 0.6390625 0.53125 0.128125 0.33125