0 0.86015625 0.50390625 0.15 0.4078125
0 0.76484375 0.51953125 0.140625 0.3609375
0 0.70546875 0.57109375 0.1421875 0.4203125
0 0.6203125 0.58203125 0.13125 0.3546875
0 0.5484375 0.615625 0.1765625 0.4828125
0 0.2359375 0.67265625 0.2140625 0.5328125
0 0.34140625 0.584375 0.1453125 0.3734375
0 0.440625 0.69375 0.228125 0.6125
1 0.21953125 0.5578125 0.11875 0.2359375
1 0.41796875 0.5265625 0.1015625 0.2390625
1 0.56015625 0.484375 0.08125 0.2046875
1 0.68984375 0.45234375 0.0828125 0.178125
1 0.7859375 0.42890625 0.0734375 0.171875