0 0.15859375 0.65078125 0.165625 0.6875
0 0.3359375 0.69375 0.146875 0.6125
0 0.4125 0.60703125 0.10625 0.54375
0 0.4859375 0.64921875 0.109375 0.5765625
0 0.58046875 0.603125 0.096875 0.415625
0 0.70703125 0.54921875 0.0703125 0.375
0 0.75234375 0.5921875 0.1046875 0.503125
0 0.821875 0.53671875 0.0828125 0.353125
0 0.93125 0.52890625 0.115625 0.521875
1 0.0625 0.5359375 0.1 0.3328125
1 0.3234375 0.4984375 0.1 0.2890625
1 0.5015625 0.46875 0.0703125 0.2328125
1 0.64609375 0.46015625 0.065625 0.2171875
1 0.75859375 0.43828125 0.0578125 0.1859375