0 0.94765625 0.6109375 0.05859375 0.328125
0 0.87265625 0.66953125 0.0609375 0.3515625
0 0.809375 0.60546875 0.0421875 0.28515625
0 0.75625 0.61953125 0.06015625 0.35390625
0 0.665625 0.61640625 0.02890625 0.3046875
0 0.56171875 0.5921875 0.03359375 0.29375
0 0.59453125 0.7234375 0.08671875 0.515625
0 0.52578125 0.6375 0.04453125 0.3453125
0 0.48828125 0.684375 0.08984375 0.49609375
0 0.3984375 0.64921875 0.07890625 0.42265625
0 0.31796875 0.640625 0.078125 0.41875
0 0.215625 0.73125 0.0875 0.51953125
0 0.12109375 0.7109375 0.08671875 0.503125
0 0.69765625 0.59375 0.046875 0.265625
1 0.609375 0.53125 0.03515625 0.14375
1 0.528125 0.53125 0.03515625 0.15625
1 0.4125 0.540625 0.05 0.1828125
1 0.2765625 0.546875 0.0578125 0.2078125
1 0.0796875 0.56015625 0.075 0.24609375