0 0.925 0.6796875 0.109375 0.3328125
0 0.84140625 0.72578125 0.115625 0.35625
0 0.7890625 0.65234375 0.0859375 0.2875
0 0.734375 0.6578125 0.1140625 0.359375
0 0.6453125 0.640625 0.0765625 0.3046875
0 0.546875 0.60078125 0.0796875 0.2953125
0 0.55859375 0.73515625 0.165625 0.5234375
0 0.50390625 0.63984375 0.0984375 0.3484375
0 0.459375 0.68046875 0.165625 0.5046875
0 0.3765625 0.63125 0.14375 0.4296875
0 0.2984375 0.61015625 0.1421875 0.4265625
0 0.1828125 0.68359375 0.1671875 0.5265625
0 0.09296875 0.64921875 0.1640625 0.5109375
0 0.68046875 0.6234375 0.0875 0.2703125
1 0.603125 0.54765625 0.0578125 0.146875
1 0.52265625 0.53515625 0.059375 0.159375
1 0.40703125 0.5265625 0.078125 0.1890625
1 0.271875 0.51171875 0.0890625 0.2140625
1 0.07578125 0.49375 0.1125 0.2546875