0 0.9390625 0.6421875 0.08125 0.33125
0 0.86015625 0.6953125 0.0859375 0.3546875
0 0.8015625 0.6265625 0.0625 0.2875
0 0.74765625 0.6375 0.084375 0.3578125
0 0.65703125 0.62734375 0.05 0.30625
0 0.55546875 0.59609375 0.0546875 0.2953125
0 0.57890625 0.7296875 0.121875 0.5203125
0 0.51640625 0.6390625 0.06875 0.346875
0 0.47578125 0.6828125 0.125 0.5015625
0 0.38828125 0.64140625 0.1078125 0.4265625
0 0.30859375 0.62734375 0.1078125 0.4234375
0 0.2 0.7109375 0.1234375 0.525
0 0.10703125 0.684375 0.121875 0.5078125
0 0.690625 0.60703125 0.065625 0.26875
1 0.60703125 0.5390625 0.0453125 0.1453125
1 0.52578125 0.5328125 0.0453125 0.1578125
1 0.41015625 0.534375 0.0625 0.1859375
1 0.27421875 0.53125 0.071875 0.2109375
1 0.0765625 0.53046875 0.0921875 0.25