0 0.1171875 0.55625 0.1375 0.390625
0 0.25 0.56328125 0.103125 0.3515625
0 0.30859375 0.546875 0.0984375 0.321875
0 0.43671875 0.590625 0.10625 0.3328125
0 0.584375 0.62109375 0.1125 0.340625
0 0.64921875 0.640625 0.128125 0.3546875
0 0.74375 0.67890625 0.1640625 0.475
0 0.81640625 0.66484375 0.115625 0.421875
1 0.2453125 0.47734375 0.0578125 0.146875
1 0.3625 0.49609375 0.059375 0.15
1 0.471875 0.5203125 0.075 0.1703125
1 0.6265625 0.54140625 0.0796875 0.1796875
1 0.809375 0.5734375 0.0859375 0.1984375