0 0.0953125 0.4796875 0.14375 0.4625
0 0.14921875 0.47734375 0.1109375 0.3515625
0 0.33671875 0.5015625 0.1328125 0.3734375
0 0.51640625 0.4953125 0.103125 0.3703125
0 0.5734375 0.52109375 0.134375 0.4375
0 0.690625 0.5375 0.1015625 0.3
0 0.7640625 0.54453125 0.1296875 0.371875
0 0.85234375 0.534375 0.1140625 0.3546875
0 0.88828125 0.5265625 0.1046875 0.3296875
1 0.1765625 0.3765625 0.08125 0.203125
1 0.359375 0.4015625 0.0796875 0.1984375
1 0.52109375 0.41953125 0.0765625 0.1875
1 0.6890625 0.44140625 0.0734375 0.1828125
1 0.83984375 0.45703125 0.075 0.178125