0 0.134375 0.628125 0.0921875 0.3859375
0 0.2671875 0.609375 0.0625 0.35
0 0.32109375 0.5828125 0.059375 0.3203125
0 0.4546875 0.60078125 0.0671875 0.3296875
0 0.60625 0.60234375 0.0734375 0.3359375
0 0.6734375 0.609375 0.0859375 0.35
0 0.7734375 0.62890625 0.109375 0.46875
0 0.8421875 0.6015625 0.0640625 0.4203125
1 0.2453125 0.52578125 0.040625 0.14375
1 0.3640625 0.52265625 0.0421875 0.146875
1 0.47578125 0.525 0.0546875 0.165625
1 0.63203125 0.51640625 0.0578125 0.1765625
1 0.81796875 0.51328125 0.0625 0.19375