0 0.0953125 0.52890625 0.0890625 0.45625
0 0.1484375 0.5203125 0.06875 0.3484375
0 0.3375 0.52109375 0.0890625 0.3671875
0 0.515625 0.49296875 0.059375 0.3671875
0 0.57578125 0.5125 0.08125 0.4328125
0 0.69375 0.5140625 0.065625 0.2953125
0 0.76796875 0.51171875 0.0859375 0.365625
0 0.85390625 0.49140625 0.071875 0.35
0 0.8890625 0.47890625 0.065625 0.3265625
1 0.1640625 0.41640625 0.0578125 0.1984375
1 0.3484375 0.41953125 0.0578125 0.19375
1 0.5109375 0.4171875 0.0546875 0.1828125
1 0.68046875 0.41875 0.0515625 0.1796875
1 0.83203125 0.415625 0.0546875 0.1734375