0 0.09609375 0.5359375 0.08046875 0.45546875
0 0.14921875 0.5265625 0.0625 0.346875
0 0.33828125 0.52421875 0.0828125 0.365625
0 0.515625 0.49296875 0.053125 0.36640625
0 0.57578125 0.5109375 0.07421875 0.43203125
0 0.69375 0.5109375 0.0609375 0.29375
0 0.76796875 0.50703125 0.07890625 0.36484375
0 0.85390625 0.48515625 0.06640625 0.3484375
0 0.88828125 0.471875 0.06015625 0.325
1 0.1625 0.42265625 0.0546875 0.19765625
1 0.346875 0.421875 0.05390625 0.1921875
1 0.509375 0.4171875 0.0515625 0.18203125
1 0.67890625 0.415625 0.0484375 0.178125
1 0.83046875 0.41015625 0.0515625 0.17265625