0 0.13046875 0.615625 0.07890625 0.3828125
0 0.26328125 0.6015625 0.05 0.3484375
0 0.31796875 0.5765625 0.0484375 0.31875
0 0.4515625 0.59921875 0.05625 0.328125
0 0.60234375 0.60625 0.06171875 0.334375
0 0.66953125 0.615625 0.07421875 0.346875
0 0.76875 0.63828125 0.09296875 0.46640625
0 0.83828125 0.61328125 0.05 0.41875
1 0.24453125 0.5171875 0.0359375 0.14296875
1 0.36328125 0.51796875 0.0375 0.14609375
1 0.475 0.52421875 0.04921875 0.1640625
1 0.63125 0.52109375 0.05234375 0.17421875
1 0.8171875 0.52421875 0.05625 0.19140625