0 0.05546875 0.5140625 0.0953125 0.3375
0 0.1078125 0.5375 0.1 0.39375
0 0.178125 0.51484375 0.1078125 0.315625
0 0.3234375 0.53359375 0.10625 0.3234375
0 0.43046875 0.5703125 0.109375 0.3609375
0 0.475 0.5578125 0.08125 0.315625
0 0.63203125 0.5703125 0.1140625 0.3703125
0 0.81875 0.603125 0.1140625 0.3609375
1 0.809375 0.53203125 0.0734375 0.1796875
1 0.65390625 0.5140625 0.075 0.175
1 0.49375 0.496875 0.06875 0.171875
1 0.36171875 0.47578125 0.065625 0.1671875
1 0.221875 0.46328125 0.0640625 0.165625