0 0.090625 0.7015625 0.121875 0.31875
0 0.13671875 0.65 0.128125 0.35625
0 0.19296875 0.65703125 0.1546875 0.44375
0 0.26640625 0.6296875 0.153125 0.4203125
0 0.31328125 0.6328125 0.11875 0.3375
0 0.428125 0.6 0.1515625 0.39375
0 0.6078125 0.55390625 0.13125 0.3765625
0 0.6578125 0.54453125 0.1296875 0.3828125
0 0.809375 0.515625 0.159375 0.375
1 0.31953125 0.553125 0.090625 0.1828125
1 0.4671875 0.5171875 0.0796875 0.1890625
1 0.63203125 0.478125 0.090625 0.1953125
1 0.7984375 0.44140625 0.0984375 0.2