0 0.1 0.56015625 0.08359375 0.35234375
0 0.2796875 0.5515625 0.0359375 0.34140625
0 0.315625 0.55390625 0.0390625 0.38359375
0 0.3671875 0.584375 0.075 0.4375
0 0.44765625 0.525 0.04765625 0.32421875
0 0.8296875 0.53671875 0.06796875 0.34375
0 0.72734375 0.51171875 0.04453125 0.29140625
0 0.69140625 0.5140625 0.03828125 0.24453125
0 0.53671875 0.55859375 0.04453125 0.3046875
0 0.60390625 0.5453125 0.03203125 0.28125
0 0.57578125 0.57265625 0.05 0.3671875
1 0.65625 0.459375 0.0375 0.14140625
1 0.55703125 0.4640625 0.05 0.15390625
1 0.41953125 0.46484375 0.04609375 0.15859375
1 0.28359375 0.465625 0.0578125 0.17109375
1 0.09921875 0.465625 0.06015625 0.18359375