0 0.0578125 0.61171875 0.05859375 0.31328125
0 0.11328125 0.57109375 0.05703125 0.3515625
0 0.1671875 0.58984375 0.06484375 0.440625
0 0.24453125 0.578125 0.06875 0.41484375
0 0.28984375 0.59140625 0.05 0.33515625
0 0.40859375 0.5828125 0.07265625 0.38671875
0 0.59453125 0.575 0.0546875 0.37265625
0 0.6453125 0.5765625 0.05234375 0.38046875
0 0.79921875 0.5796875 0.08515625 0.36484375
1 0.3125 0.5140625 0.0546875 0.175
1 0.4640625 0.51015625 0.0421875 0.184375
1 0.63359375 0.50625 0.05234375 0.1890625
1 0.80390625 0.5046875 0.06015625 0.1921875