0 0.12109375 0.6421875 0.1546875 0.3625
0 0.2953125 0.59609375 0.10625 0.3421875
0 0.33125 0.59140625 0.1171875 0.3828125
0 0.3875 0.61015625 0.1640625 0.44375
0 0.45390625 0.53515625 0.1140625 0.3265625
0 0.83046875 0.4671875 0.1375 0.35
0 0.725 0.4640625 0.1046875 0.29375
0 0.68984375 0.47421875 0.0890625 0.246875
0 0.5484375 0.55 0.10625 0.3078125
0 0.6109375 0.52265625 0.0890625 0.28125
0 0.5890625 0.55546875 0.125 0.3703125
1 0.64453125 0.428125 0.065625 0.146875
1 0.5484375 0.453125 0.08125 0.1609375
1 0.4140625 0.48203125 0.078125 0.1640625
1 0.28125 0.51171875 0.0921875 0.1796875
1 0.10078125 0.55 0.096875 0.1921875