0 0.07734375 0.671875 0.1015625 0.31875
0 0.1265625 0.62421875 0.1046875 0.35625
0 0.1828125 0.63515625 0.125 0.4453125
0 0.2578125 0.61328125 0.1265625 0.4203125
0 0.3046875 0.61953125 0.096875 0.3390625
0 0.42109375 0.59453125 0.125 0.39375
0 0.60390625 0.5609375 0.10625 0.3765625
0 0.6546875 0.55546875 0.1046875 0.384375
0 0.80703125 0.5375 0.134375 0.3734375
1 0.31640625 0.53984375 0.078125 0.18125
1 0.465625 0.51484375 0.0671875 0.1890625
1 0.6328125 0.4875 0.078125 0.19375
1 0.8015625 0.4625 0.0859375 0.1984375