0 0.06015625 0.56796875 0.0546875 0.3328125
0 0.115625 0.58515625 0.053125 0.390625
0 0.18203125 0.55390625 0.07109375 0.30859375
0 0.32890625 0.5546875 0.06875 0.3171875
0 0.43984375 0.578125 0.06640625 0.35625
0 0.48203125 0.56015625 0.04375 0.3125
0 0.63984375 0.55390625 0.06953125 0.3640625
0 0.82890625 0.56328125 0.071875 0.35546875
1 0.8109375 0.49375 0.053125 0.17421875
1 0.6546875 0.4953125 0.0546875 0.16953125
1 0.49375 0.49765625 0.0484375 0.16796875
1 0.36015625 0.49296875 0.04609375 0.1625
1 0.21953125 0.49765625 0.0453125 0.1609375