0 0.09765625 0.46171875 0.165625 0.3625
0 0.2734375 0.496875 0.1171875 0.340625
0 0.3078125 0.5078125 0.13125 0.38125
0 0.35078125 0.55 0.178125 0.4421875
0 0.44296875 0.51171875 0.125 0.3265625
0 0.8109375 0.615625 0.1484375 0.35
0 0.71796875 0.56640625 0.1140625 0.29375
0 0.68203125 0.56015625 0.096875 0.246875
0 0.52109375 0.565625 0.1171875 0.30625
0 0.58984375 0.56875 0.0984375 0.28125
0 0.55625 0.5890625 0.1375 0.36875
1 0.66171875 0.4984375 0.0703125 0.146875
1 0.5640625 0.47890625 0.0859375 0.1609375
1 0.43046875 0.44609375 0.0828125 0.165625
1 0.2984375 0.4140625 0.096875 0.1796875
1 0.11953125 0.36953125 0.103125 0.1921875