0 0.16796875 0.59921875 0.0796875 0.33359375
0 0.334375 0.584375 0.06015625 0.3234375
0 0.384375 0.58046875 0.04140625 0.29609375
0 0.4859375 0.58359375 0.05078125 0.28203125
0 0.62734375 0.55625 0.04765625 0.30703125
0 0.7140625 0.584375 0.0609375 0.3265625
0 0.77734375 0.553125 0.0578125 0.2734375
1 0.175 0.50703125 0.05390625 0.17109375
1 0.33984375 0.5078125 0.04453125 0.16953125
1 0.4734375 0.5 0.040625 0.15078125
1 0.60859375 0.49453125 0.04140625 0.14296875
1 0.71953125 0.49609375 0.04140625 0.1515625