0 0.15078125 0.6640625 0.0640625 0.51640625
0 0.23125 0.675 0.10078125 0.534375
0 0.365625 0.61640625 0.0828125 0.4890625
0 0.434375 0.58671875 0.0640625 0.43515625
0 0.559375 0.63203125 0.11484375 0.54140625
0 0.62578125 0.546875 0.053125 0.31171875
0 0.72890625 0.56953125 0.06875 0.33828125
0 0.7921875 0.5390625 0.03671875 0.28984375
0 0.828125 0.56953125 0.06171875 0.4015625
0 0.8984375 0.56015625 0.0546875 0.33046875
1 0.68984375 0.48359375 0.03828125 0.15078125
1 0.59140625 0.490625 0.0375 0.178125
1 0.4609375 0.49375 0.04921875 0.18125
1 0.31171875 0.50078125 0.0578125 0.20546875
1 0.11875 0.5125 0.0796875 0.2390625