0 0.103125 0.590625 0.0890625 0.4265625
0 0.20234375 0.565625 0.1015625 0.39375
0 0.3875 0.546875 0.0734375 0.3375
0 0.43984375 0.5890625 0.0859375 0.5046875
0 0.578125 0.565625 0.090625 0.4359375
0 0.64609375 0.53046875 0.078125 0.4125
0 0.69921875 0.51015625 0.0765625 0.3046875
0 0.82578125 0.49296875 0.0625 0.3109375
0 0.9109375 0.49921875 0.071875 0.3515625
1 0.19140625 0.4828125 0.0734375 0.2046875
1 0.3734375 0.4671875 0.0609375 0.1890625
1 0.51640625 0.4546875 0.0484375 0.1796875
1 0.77734375 0.428125 0.0515625 0.15625