0 0.16015625 0.68203125 0.090625 0.51875
0 0.240625 0.6890625 0.128125 0.5390625
0 0.371875 0.6234375 0.1078125 0.4921875
0 0.4390625 0.58984375 0.0875 0.4375
0 0.56640625 0.62890625 0.14375 0.546875
0 0.628125 0.53984375 0.06875 0.3140625
0 0.73203125 0.5578125 0.0859375 0.3421875
0 0.79375 0.5234375 0.0515625 0.290625
0 0.83125 0.55234375 0.0828125 0.4046875
0 0.90078125 0.5390625 0.071875 0.3328125
1 0.6890625 0.4734375 0.046875 0.153125
1 0.590625 0.4859375 0.046875 0.1796875
1 0.4609375 0.49609375 0.059375 0.1828125
1 0.31171875 0.5109375 0.06875 0.2078125
1 0.1203125 0.5328125 0.0921875 0.2421875