0 0.1734375 0.70546875 0.1265625 0.5203125
0 0.2546875 0.70625 0.165625 0.5421875
0 0.38046875 0.63203125 0.1421875 0.4953125
0 0.4453125 0.59375 0.1171875 0.4390625
0 0.575 0.6234375 0.1796875 0.5515625
0 0.63046875 0.53125 0.090625 0.315625
0 0.7359375 0.54140625 0.109375 0.34375
0 0.79453125 0.503125 0.071875 0.2921875
0 0.834375 0.52890625 0.1109375 0.40625
0 0.903125 0.5109375 0.0953125 0.334375
1 0.68671875 0.4609375 0.05625 0.1546875
1 0.58984375 0.4796875 0.059375 0.18125
1 0.46015625 0.4984375 0.0703125 0.1859375
1 0.31328125 0.5234375 0.0828125 0.2109375
1 0.1234375 0.55859375 0.1078125 0.246875