0 0.83671875 0.4609375 0.1734375 0.4125
0 0.06875 0.659375 0.1375 0.375
0 0.15078125 0.64453125 0.1421875 0.3359375
0 0.3421875 0.5828125 0.1421875 0.35625
0 0.4796875 0.5359375 0.1625 0.409375
0 0.65390625 0.5140625 0.1625 0.3828125
0 0.4171875 0.57578125 0.18125 0.471875
0 0.24921875 0.609375 0.1921875 0.421875
1 0.15234375 0.559375 0.1015625 0.1921875
1 0.31171875 0.51640625 0.0984375 0.1921875
1 0.4640625 0.48046875 0.0984375 0.1984375
1 0.6453125 0.43359375 0.0953125 0.1921875
1 0.8203125 0.38984375 0.10625 0.2046875