0 0.09921875 0.56953125 0.0671875 0.42421875
0 0.19921875 0.55 0.08046875 0.390625
0 0.38515625 0.540625 0.05625 0.33515625
0 0.43515625 0.5859375 0.06015625 0.50234375
0 0.57421875 0.56953125 0.06875 0.4328125
0 0.64453125 0.53828125 0.05703125 0.409375
0 0.6984375 0.5203125 0.06015625 0.3015625
0 0.82578125 0.51015625 0.046875 0.309375
0 0.91015625 0.52109375 0.053125 0.34921875
1 0.19296875 0.46640625 0.06328125 0.2015625
1 0.375 0.4609375 0.05078125 0.1859375
1 0.51875 0.45546875 0.03984375 0.17734375
1 0.78046875 0.44296875 0.04296875 0.15390625