0 0.8359375 0.45546875 0.1796875 0.4125
0 0.071875 0.6671875 0.14375 0.375
0 0.15390625 0.65 0.1484375 0.3359375
0 0.34375 0.5859375 0.1484375 0.35625
0 0.48046875 0.5359375 0.16875 0.409375
0 0.65390625 0.5109375 0.16875 0.3828125
0 0.41875 0.57734375 0.1890625 0.471875
0 0.2515625 0.61328125 0.1984375 0.4203125
1 0.15390625 0.565625 0.1046875 0.1921875
1 0.31171875 0.51953125 0.1015625 0.1921875
1 0.46328125 0.48125 0.1015625 0.1984375
1 0.64453125 0.43125 0.0984375 0.1921875
1 0.81796875 0.38359375 0.109375 0.2046875