0 0.8359375 0.54375 0.07734375 0.40625
0 0.0359375 0.54921875 0.065625 0.3703125
0 0.1265625 0.55546875 0.06484375 0.3296875
0 0.3265625 0.5421875 0.059375 0.35234375
0 0.471875 0.5296875 0.065625 0.40546875
0 0.64609375 0.55078125 0.07421875 0.37578125
0 0.4015625 0.55390625 0.0703125 0.46953125
0 0.23046875 0.5453125 0.09609375 0.41015625
1 0.1484375 0.4734375 0.05859375 0.1828125
1 0.31328125 0.4703125 0.05625 0.18359375
1 0.46953125 0.47265625 0.053125 0.19140625
1 0.65703125 0.47109375 0.05234375 0.18515625
1 0.8375 0.4703125 0.06015625 0.19609375