0 0.1234375 0.7046875 0.146875 0.35625
0 0.19921875 0.6828125 0.1359375 0.3046875
0 0.34296875 0.63671875 0.14375 0.334375
0 0.48046875 0.59453125 0.15 0.3328125
0 0.5703125 0.5828125 0.146875 0.3578125
0 0.6453125 0.565625 0.140625 0.3109375
0 0.79296875 0.515625 0.1484375 0.3578125
0 0.84375 0.5 0.1203125 0.315625
1 0.2 0.60390625 0.0875 0.1703125
1 0.33984375 0.5625 0.0953125 0.18125
1 0.47734375 0.52421875 0.0890625 0.1765625
1 0.6375 0.47734375 0.0890625 0.1828125
1 0.79296875 0.4296875 0.0953125 0.171875