0 0.12265625 0.54140625 0.1109375 0.4234375
0 0.17109375 0.54296875 0.0765625 0.328125
0 0.23671875 0.54140625 0.1140625 0.41875
0 0.33671875 0.553125 0.1046875 0.359375
0 0.49453125 0.55625 0.096875 0.375
0 0.5640625 0.5734375 0.1109375 0.35625
0 0.64375 0.5765625 0.103125 0.409375
0 0.71015625 0.578125 0.1 0.38125
0 0.903125 0.5953125 0.128125 0.3890625
1 0.87578125 0.5171875 0.0625 0.1984375
1 0.70390625 0.50078125 0.071875 0.1828125
1 0.51953125 0.4890625 0.0671875 0.178125
1 0.37109375 0.48359375 0.0640625 0.184375
1 0.20625 0.46953125 0.0515625 0.1703125