0 0.1203125 0.50859375 0.146875 0.425
0 0.16796875 0.51484375 0.1046875 0.328125
0 0.234375 0.51796875 0.1484375 0.4203125
0 0.3328125 0.5390625 0.134375 0.3609375
0 0.48984375 0.55546875 0.128125 0.3765625
0 0.5578125 0.578125 0.140625 0.359375
0 0.63671875 0.5890625 0.1375 0.4109375
0 0.703125 0.59609375 0.13125 0.3828125
0 0.89375 0.63046875 0.1609375 0.3921875
1 0.87265625 0.55 0.0796875 0.2
1 0.703125 0.51796875 0.0875 0.1859375
1 0.5203125 0.490625 0.08125 0.18125
1 0.3734375 0.471875 0.0796875 0.1875
1 0.21015625 0.44375 0.065625 0.171875