0 0.12734375 0.57421875 0.075 0.41796875
0 0.17578125 0.571875 0.0484375 0.325
0 0.24140625 0.5640625 0.078125 0.41328125
0 0.3421875 0.5671875 0.07421875 0.35390625
0 0.49921875 0.55625 0.0640625 0.37109375
0 0.5703125 0.5671875 0.08125 0.35078125
0 0.65 0.5640625 0.06796875 0.4046875
0 0.71640625 0.559375 0.0671875 0.37734375
0 0.91015625 0.56015625 0.0953125 0.38203125
1 0.87578125 0.484375 0.04609375 0.1953125
1 0.703125 0.4828125 0.05703125 0.17890625
1 0.51875 0.4875 0.05234375 0.17421875
1 0.3703125 0.49453125 0.0484375 0.18125
1 0.2046875 0.4953125 0.0375 0.1671875