0 0.09609375 0.64375 0.09375 0.35625
0 0.17421875 0.63359375 0.0921875 0.3015625
0 0.3234375 0.61015625 0.0953125 0.33125
0 0.46640625 0.58984375 0.1015625 0.3296875
0 0.55703125 0.59296875 0.09375 0.35625
0 0.6328125 0.5875 0.0953125 0.309375
0 0.78671875 0.5609375 0.096875 0.3578125
0 0.83984375 0.553125 0.071875 0.3171875
1 0.1875 0.55546875 0.0640625 0.1671875
1 0.33203125 0.53671875 0.0703125 0.178125
1 0.4734375 0.5203125 0.0640625 0.1734375
1 0.63984375 0.49921875 0.0625 0.1796875
1 0.80078125 0.47578125 0.0703125 0.1671875